1.841636777206099121e+12 0.000000000000000000e+00 1.177470588235294047e+00
5.978574630584898682e+11 1.548695564270019531e-02 1.205729882352941104e+03
1.940858874636875000e+11 2.013921737670898438e-03 1.205729882352941104e+03
6.300788057184688568e+10 2.034187316894531250e-03 1.205729882352941104e+03
2.045520689885335922e+10 2.985954284667968750e-03 1.205729882352941104e+03
6.640902171701971054e+09 2.237319946289062500e-03 1.205729882352941104e+03
2.156131318465335846e+09 2.514362335205078125e-03 1.205729882352941104e+03
7.001112485754805803e+08 4.065036773681640625e-03 1.205729882352941104e+03
2.273712752900317311e+08 2.137660980224609375e-03 1.205729882352941104e+03
7.386498517419460416e+07 1.765966415405273438e-03 1.205729882352941104e+03
2.400917524978192523e+07 1.689910888671875000e-03 1.205729882352941104e+03
7.811386539855691604e+06 2.635002136230468750e-03 1.205729882352941104e+03
2.545650148406676482e+06 2.281904220581054688e-03 1.205729882352941104e+03
8.319949668852530885e+05 3.003120422363281250e-03 1.205729882352941104e+03
2.732772914385755430e+05 2.835988998413085938e-03 1.205729882352941104e+03
9.052610004845283402e+04 1.868009567260742188e-03 1.205729882352941104e+03
3.041676149109892140e+04 3.620862960815429688e-03 1.205729882352941104e+03
1.045792999674376551e+04 3.188848495483398438e-03 1.205729882352941104e+03
3.725502004686969940e+03 3.991127014160156250e-03 1.205729882352941104e+03
1.396531980143849296e+03 8.636951446533203125e-03 1.205729882352941104e+03
5.596775786441812670e+02 2.733945846557617188e-03 1.205729882352941104e+03
2.427858942075204993e+02 5.281209945678710938e-03 1.205729882352941104e+03
1.147066481729081886e+02 5.564928054809570312e-03 1.205729882352941104e+03
5.904026843220187004e+01 7.012128829956054688e-03 1.205729882352941104e+03
3.300146993730810152e+01 4.607915878295898438e-03 1.205729882352941104e+03
1.995153715467942135e+01 1.456093788146972656e-02 1.205729882352941104e+03
1.299639727588179028e+01 1.141214370727539062e-02 1.205729882352941104e+03
9.087493560434991124e+00 3.395080566406250000e-03 1.205729882352941104e+03
6.789630853354455375e+00 5.256175994873046875e-03 1.205729882352941104e+03
5.386965911756064429e+00 4.224061965942382812e-03 1.205729882352941104e+03
4.503424928842661323e+00 4.645109176635742188e-03 1.205729882352941104e+03
3.932145617398202564e+00 4.609107971191406250e-03 1.205729882352941104e+03
3.554662186057828244e+00 6.498813629150390625e-03 1.205729882352941104e+03
3.300701798951321653e+00 4.758119583129882812e-03 1.205729882352941104e+03
3.127281675833045060e+00 6.879329681396484375e-03 1.205729882352941104e+03
3.007400549479936291e+00 2.171993255615234375e-03 1.205729882352941104e+03
2.923698626973870063e+00 2.680063247680664062e-03 1.205729882352941104e+03
2.864787694536189644e+00 4.504203796386718750e-03 1.205729882352941104e+03
2.823065129918560956e+00 2.495050430297851562e-03 1.205729882352941104e+03
2.793377973529230562e+00 2.680778503417968750e-03 1.205729882352941104e+03
2.772187502846564122e+00 3.252029418945312500e-03 1.205729882352941104e+03
2.757035910389149969e+00 2.227067947387695312e-03 1.205729882352941104e+03
2.746199484776674193e+00 2.471923828125000000e-03 1.205729882352941104e+03
2.738459305675553956e+00 1.868009567260742188e-03 1.205729882352941104e+03
2.732947368870743077e+00 1.712799072265625000e-03 1.205729882352941104e+03
2.729041950242390602e+00 2.309799194335937500e-03 1.205729882352941104e+03
2.726295606026639451e+00 2.326965332031250000e-03 1.205729882352941104e+03
2.724385106145897240e+00 3.052949905395507812e-03 1.205729882352941104e+03
2.723076293137598469e+00 3.886222839355468750e-03 1.205729882352941104e+03
2.722199213410347873e+00 4.079818725585937500e-03 1.205729882352941104e+03
2.721630390521256881e+00 2.916097640991210938e-03 1.205729882352941104e+03
2.721280109571718953e+00 2.367019653320312500e-03 1.205729882352941104e+03
2.721083246374278897e+00 2.676963806152343750e-03 1.205729882352941104e+03
2.720992622370379532e+00 4.200935363769531250e-03 1.205729882352941104e+03
2.720974170797809233e+00 2.499103546142578125e-03 1.205729882352941104e+03
2.721003409070808843e+00 2.140045166015625000e-03 1.205729882352941104e+03
2.721062857796240575e+00 1.669883728027343750e-03 1.205729882352941104e+03
2.721140148747632992e+00 1.981973648071289062e-03 1.205729882352941104e+03
2.721226636071534699e+00 3.666877746582031250e-03 1.205729882352941104e+03
2.721316376176230456e+00 4.085063934326171875e-03 1.205729882352941104e+03
2.721405378389545771e+00 2.671241760253906250e-03 1.205729882352941104e+03
2.721491054855342373e+00 1.976013183593750000e-03 1.205729882352941104e+03
2.721571817237197877e+00 1.704931259155273438e-03 1.205729882352941104e+03
2.721646781688428440e+00 3.090858459472656250e-03 1.205729882352941104e+03
2.721715553692033218e+00 3.498792648315429688e-03 1.205729882352941104e+03
2.721778071809334065e+00 8.239030838012695312e-03 1.205729882352941104e+03
2.721834494842682695e+00 5.240678787231445312e-03 1.205729882352941104e+03
2.721885120947398651e+00 3.617048263549804688e-03 1.205729882352941104e+03
2.721930330205472259e+00 4.262924194335937500e-03 1.205729882352941104e+03
2.721970544377259493e+00 1.866817474365234375e-03 1.205729882352941104e+03
2.722006199180802444e+00 2.266168594360351562e-03 1.205729882352941104e+03
2.722037725660363616e+00 4.134178161621093750e-03 1.205729882352941104e+03
2.722065538105578941e+00 3.818988800048828125e-03 1.205729882352941104e+03
2.722090026650885619e+00 2.843856811523437500e-03 1.205729882352941104e+03
2.722111553181123078e+00 1.675844192504882812e-03 1.205729882352941104e+03
2.722130449537465857e+00 1.663923263549804688e-03 1.205729882352941104e+03
2.722147017290912796e+00 2.296209335327148438e-03 1.205729882352941104e+03
2.722161528552750731e+00 2.294063568115234375e-03 1.205729882352941104e+03
2.722174227440700367e+00 3.196954727172851562e-03 1.205729882352941104e+03
2.722185331929644292e+00 3.350019454956054688e-03 1.205729882352941104e+03
2.722195035896512127e+00 3.726005554199218750e-03 1.205729882352941104e+03
2.722203511228147299e+00 2.418994903564453125e-03 1.205729882352941104e+03
2.722210909903869158e+00 2.223014831542968750e-03 1.205729882352941104e+03
2.722217365995477589e+00 2.165794372558593750e-03 1.205729882352941104e+03
2.722222997549702317e+00 2.532005310058593750e-03 1.205729882352941104e+03
2.722227908333754165e+00 2.832174301147460938e-03 1.205729882352941104e+03
2.722232189435609406e+00 2.579927444458007812e-03 1.205729882352941104e+03
2.722235920718103497e+00 1.788139343261718750e-03 1.205729882352941104e+03
2.722239172130822116e+00 2.150774002075195312e-03 1.205729882352941104e+03
2.722242004886988642e+00 1.749038696289062500e-03 1.205729882352941104e+03
2.722244472514226743e+00 1.650094985961914062e-03 1.205729882352941104e+03
2.722246621789168319e+00 1.811981201171875000e-03 1.205729882352941104e+03
2.722248493566002736e+00 2.102136611938476562e-03 1.205729882352941104e+03
2.722250123509086350e+00 3.360986709594726562e-03 1.205729882352941104e+03
2.722251542739196228e+00 3.159761428833007812e-03 1.205729882352941104e+03
2.722252778402568740e+00 3.659963607788085938e-03 1.205729882352941104e+03
2.722253854171079901e+00 1.817703247070312500e-03 1.205729882352941104e+03
2.722254790681310599e+00 2.187013626098632812e-03 1.205729882352941104e+03
2.722255605919521759e+00 1.983165740966796875e-03 1.205729882352941104e+03
2.722256315558821971e+00 2.856969833374023438e-03 1.205729882352941104e+03
2.722256933254244338e+00 3.146886825561523438e-03 1.205729882352941104e+03
2.722257470900758758e+00 1.961946487426757812e-03 1.205729882352941104e+03
2.722257938858753334e+00 2.267837524414062500e-03 1.205729882352941104e+03
2.722258346150971953e+00 1.672983169555664062e-03 1.205729882352941104e+03
2.722258700634414108e+00 1.708984375000000000e-03 1.205729882352941104e+03
2.722259009150371778e+00 1.960992813110351562e-03 1.205729882352941104e+03
2.722259277655259435e+00 2.413988113403320312e-03 1.205729882352941104e+03
2.722259511334739202e+00 3.650903701782226562e-03 1.205729882352941104e+03
2.722259714703188394e+00 1.892089843750000000e-03 1.205729882352941104e+03
2.722259891690401723e+00 1.999855041503906250e-03 1.205729882352941104e+03
2.722260045717146415e+00 1.700162887573242188e-03 1.205729882352941104e+03
2.722260179760976673e+00 1.656770706176757812e-03 1.205729882352941104e+03
2.722260296413583802e+00 1.716852188110351562e-03 1.205729882352941104e+03
2.722260397930725606e+00 4.093885421752929688e-03 1.205729882352941104e+03
2.722260486275725366e+00 6.253957748413085938e-03 1.205729882352941104e+03
2.722260563157345992e+00 4.252195358276367188e-03 1.205729882352941104e+03
2.722260630062771192e+00 2.406358718872070312e-03 1.205729882352941104e+03
2.722260688286309183e+00 2.733230590820312500e-03 1.205729882352941104e+03
2.722260738954394910e+00 1.674175262451171875e-03 1.205729882352941104e+03
2.722260783047358856e+00 1.626014709472656250e-03 1.205729882352941104e+03
2.722260821418346133e+00 1.683950424194335938e-03 1.205729882352941104e+03
2.722260854809839703e+00 1.843929290771484375e-03 1.205729882352941104e+03
2.722260883867990700e+00 1.857042312622070312e-03 1.205729882352941104e+03
2.722260909155110653e+00 1.632928848266601562e-03 1.205729882352941104e+03
2.722260931160557895e+00 1.650810241699218750e-03 1.205729882352941104e+03
2.722260950310194438e+00 1.629114151000976562e-03 1.205729882352941104e+03
2.722260966974623386e+00 2.277135848999023438e-03 1.205729882352941104e+03
2.722260981476359198e+00 2.270936965942382812e-03 1.205729882352941104e+03
2.722260994096060926e+00 3.080844879150390625e-03 1.205729882352941104e+03
2.722261005077974971e+00 1.899003982543945312e-03 1.205729882352941104e+03
2.722261014634646425e+00 1.934051513671875000e-03 1.205729882352941104e+03
2.722261022951041110e+00 1.724958419799804688e-03 1.205729882352941104e+03
2.722261030188119157e+00 2.177953720092773438e-03 1.205729882352941104e+03
2.722261036485955632e+00 2.505064010620117188e-03 1.205729882352941104e+03
2.722261041966444139e+00 3.710985183715820312e-03 1.205729882352941104e+03
2.722261046735660273e+00 6.742954254150390625e-03 1.205729882352941104e+03
2.722261050885915967e+00 1.964092254638671875e-03 1.205729882352941104e+03
2.722261054497537636e+00 1.777172088623046875e-03 1.205729882352941104e+03
2.722261057640431581e+00 1.917123794555664062e-03 1.205729882352941104e+03
2.722261060375432251e+00 2.085924148559570312e-03 1.205729882352941104e+03
2.722261062755473304e+00 2.703189849853515625e-03 1.205729882352941104e+03
2.722261064826624555e+00 2.521038055419921875e-03 1.205729882352941104e+03
2.722261066628976156e+00 1.815080642700195312e-03 1.205729882352941104e+03
2.722261068197410427e+00 1.860141754150390625e-03 1.205729882352941104e+03
2.722261069562286639e+00 1.670837402343750000e-03 1.205729882352941104e+03
2.722261070750025880e+00 1.699924468994140625e-03 1.205729882352941104e+03
2.722261071783613762e+00 1.941919326782226562e-03 1.205729882352941104e+03
2.722261072683060945e+00 1.729011535644531250e-03 1.205729882352941104e+03
2.722261073465772174e+00 2.841234207153320312e-03 1.205729882352941104e+03
2.722261074146901105e+00 3.835201263427734375e-03 1.205729882352941104e+03
2.722261074739630082e+00 2.727985382080078125e-03 1.205729882352941104e+03
2.722261075255431706e+00 2.275943756103515625e-03 1.205729882352941104e+03
2.722261075704290878e+00 2.683162689208984375e-03 1.205729882352941104e+03
2.722261076094896204e+00 2.333879470825195312e-03 1.205729882352941104e+03
2.722261076434806526e+00 2.359867095947265625e-03 1.205729882352941104e+03
2.722261076730601914e+00 4.163980484008789062e-03 1.205729882352941104e+03
2.722261076988006678e+00 2.507686614990234375e-03 1.205729882352941104e+03
2.722261077212005720e+00 1.893043518066406250e-03 1.205729882352941104e+03
2.722261077406933794e+00 2.044916152954101562e-03 1.205729882352941104e+03
2.722261077576561661e+00 1.932144165039062500e-03 1.205729882352941104e+03
2.722261077724174250e+00 1.771211624145507812e-03 1.205729882352941104e+03
2.722261077852632383e+00 2.256155014038085938e-03 1.205729882352941104e+03
2.722261077964414078e+00 3.690242767333984375e-03 1.205729882352941104e+03
2.722261078061690487e+00 1.869916915893554688e-03 1.205729882352941104e+03
2.722261078146342328e+00 1.930952072143554688e-03 1.205729882352941104e+03
2.722261078220006958e+00 2.352952957153320312e-03 1.205729882352941104e+03
2.722261078284110791e+00 1.927137374877929688e-03 1.205729882352941104e+03
2.722261078339895946e+00 1.927137374877929688e-03 1.205729882352941104e+03
2.722261078388442002e+00 3.439188003540039062e-03 1.205729882352941104e+03
2.722261078430685544e+00 4.127979278564453125e-03 1.205729882352941104e+03
2.722261078467447692e+00 2.659082412719726562e-03 1.205729882352941104e+03
2.722261078499438103e+00 2.840280532836914062e-03 1.205729882352941104e+03
2.722261078527276723e+00 1.685380935668945312e-03 1.205729882352941104e+03
2.722261078551500901e+00 2.119064331054687500e-03 1.205729882352941104e+03
2.722261078572583148e+00 2.051115036010742188e-03 1.205729882352941104e+03
2.722261078590929806e+00 3.325939178466796875e-03 1.205729882352941104e+03
2.722261078606893925e+00 1.881837844848632812e-03 1.205729882352941104e+03
2.722261078620786812e+00 1.795291900634765625e-03 1.205729882352941104e+03
2.722261078632876252e+00 1.880884170532226562e-03 1.205729882352941104e+03
2.722261078643396282e+00 1.712322235107421875e-03 1.205729882352941104e+03
2.722261078652552069e+00 1.634120941162109375e-03 1.205729882352941104e+03
2.722261078660520806e+00 1.735925674438476562e-03 1.205729882352941104e+03
2.722261078667452150e+00 2.201080322265625000e-03 1.205729882352941104e+03
2.722261078673485546e+00 2.714872360229492188e-03 1.205729882352941104e+03
2.722261078678734236e+00 2.218961715698242188e-03 1.205729882352941104e+03
2.722261078683303470e+00 1.722097396850585938e-03 1.205729882352941104e+03
2.722261078687278513e+00 2.060174942016601562e-03 1.205729882352941104e+03
2.722261078690739744e+00 1.636028289794921875e-03 1.205729882352941104e+03
2.722261078693749337e+00 1.862764358520507812e-03 1.205729882352941104e+03
2.722261078696369019e+00 2.406835556030273438e-03 1.205729882352941104e+03
2.722261078698649861e+00 4.264116287231445312e-03 1.205729882352941104e+03
2.722261078700634940e+00 6.140947341918945312e-03 1.205729882352941104e+03
2.722261078702359782e+00 2.192974090576171875e-03 1.205729882352941104e+03
2.722261078703862136e+00 1.692056655883789062e-03 1.205729882352941104e+03
2.722261078705170867e+00 1.826763153076171875e-03 1.205729882352941104e+03
2.722261078706309068e+00 2.326965332031250000e-03 1.205729882352941104e+03
2.722261078707298942e+00 2.582073211669921875e-03 1.205729882352941104e+03
2.722261078708160031e+00 2.812862396240234375e-03 1.205729882352941104e+03
2.722261078708910542e+00 2.454042434692382812e-03 1.205729882352941104e+03
2.722261078709562465e+00 2.396821975708007812e-03 1.205729882352941104e+03
2.722261078710130455e+00 2.283096313476562500e-03 1.205729882352941104e+03
2.722261078710626059e+00 2.610921859741210938e-03 1.205729882352941104e+03
2.722261078711055049e+00 4.238128662109375000e-03 1.205729882352941104e+03
2.722261078711429860e+00 5.366086959838867188e-03 1.205729882352941104e+03
2.722261078711753601e+00 9.483098983764648438e-03 1.205729882352941104e+03
2.722261078712038262e+00 7.924795150756835938e-03 1.205729882352941104e+03
2.722261078712285620e+00 3.915071487426757812e-03 1.205729882352941104e+03
2.722261078712498339e+00 4.324913024902343750e-03 1.205729882352941104e+03
2.722261078712685745e+00 6.155967712402343750e-03 1.205729882352941104e+03
2.722261078712847837e+00 3.954172134399414062e-03 1.205729882352941104e+03
2.722261078712990390e+00 3.489017486572265625e-03 1.205729882352941104e+03
2.722261078713112958e+00 3.222942352294921875e-03 1.205729882352941104e+03
2.722261078713219096e+00 3.485918045043945312e-03 1.205729882352941104e+03
2.722261078713313687e+00 5.352973937988281250e-03 1.205729882352941104e+03
2.722261078713394955e+00 5.386829376220703125e-03 1.205729882352941104e+03
2.722261078713464233e+00 3.131151199340820312e-03 1.205729882352941104e+03
2.722261078713524629e+00 3.312110900878906250e-03 1.205729882352941104e+03
2.722261078713579696e+00 1.774787902832031250e-03 1.205729882352941104e+03
2.722261078713625437e+00 1.677036285400390625e-03 1.205729882352941104e+03
2.722261078713665849e+00 2.522945404052734375e-03 1.205729882352941104e+03
2.722261078713702709e+00 3.856897354125976562e-03 1.205729882352941104e+03
2.722261078713732907e+00 2.586841583251953125e-03 1.205729882352941104e+03
2.722261078713760440e+00 3.034114837646484375e-03 1.205729882352941104e+03
2.722261078713781757e+00 2.696990966796875000e-03 1.205729882352941104e+03
2.722261078713802185e+00 2.032041549682617188e-03 1.205729882352941104e+03
2.722261078713819948e+00 1.739978790283203125e-03 1.205729882352941104e+03
2.722261078713835492e+00 1.935005187988281250e-03 1.205729882352941104e+03
2.722261078713847482e+00 1.940011978149414062e-03 1.205729882352941104e+03
2.722261078713860361e+00 2.988815307617187500e-03 1.205729882352941104e+03
2.722261078713870575e+00 5.226850509643554688e-03 1.205729882352941104e+03
2.722261078713879012e+00 2.434253692626953125e-03 1.205729882352941104e+03
2.722261078713886118e+00 3.066062927246093750e-03 1.205729882352941104e+03
2.722261078713893223e+00 1.748085021972656250e-03 1.205729882352941104e+03
2.722261078713899884e+00 1.825094223022460938e-03 1.205729882352941104e+03
2.722261078713904325e+00 2.259016036987304688e-03 1.205729882352941104e+03
2.722261078713909210e+00 5.417823791503906250e-03 1.205729882352941104e+03
2.722261078713912763e+00 4.348993301391601562e-03 1.205729882352941104e+03
2.722261078713916316e+00 2.864837646484375000e-03 1.205729882352941104e+03
2.722261078713918092e+00 1.862049102783203125e-03 1.205729882352941104e+03
2.722261078713921201e+00 8.340120315551757812e-03 1.205729882352941104e+03
2.722261078713922977e+00 2.536058425903320312e-03 1.205729882352941104e+03
2.722261078713926086e+00 5.879878997802734375e-03 1.205729882352941104e+03
2.722261078713926530e+00 7.883071899414062500e-03 1.205729882352941104e+03
2.722261078713929194e+00 3.138065338134765625e-03 1.205729882352941104e+03
2.722261078713930083e+00 3.094911575317382812e-03 1.205729882352941104e+03
2.722261078713930527e+00 3.002166748046875000e-03 1.205729882352941104e+03
2.722261078713931415e+00 5.571126937866210938e-03 1.205729882352941104e+03
2.722261078713932747e+00 3.387928009033203125e-03 1.205729882352941104e+03
2.722261078713933635e+00 1.742124557495117188e-03 1.205729882352941104e+03
2.722261078713934079e+00 1.925706863403320312e-03 1.205729882352941104e+03
2.722261078713933635e+00 2.071142196655273438e-03 1.205729882352941104e+03
2.722261078713935412e+00 4.806995391845703125e-03 1.205729882352941104e+03
2.722261078713934523e+00 2.978086471557617188e-03 1.205729882352941104e+03
2.722261078713935412e+00 2.347946166992187500e-03 1.205729882352941104e+03
2.722261078713936300e+00 4.880189895629882812e-03 1.205729882352941104e+03
2.722261078713936744e+00 3.758907318115234375e-03 1.205729882352941104e+03
2.722261078713936744e+00 5.002975463867187500e-03 1.205729882352941104e+03
2.722261078713935856e+00 2.512931823730468750e-03 1.205729882352941104e+03
2.722261078713936300e+00 2.156019210815429688e-03 1.205729882352941104e+03
2.722261078713934968e+00 2.166986465454101562e-03 1.205729882352941104e+03
2.722261078713935856e+00 1.715898513793945312e-03 1.205729882352941104e+03
2.722261078713936744e+00 1.667976379394531250e-03 1.205729882352941104e+03
2.722261078713938076e+00 2.280950546264648438e-03 1.205729882352941104e+03
2.722261078713937188e+00 3.230094909667968750e-03 1.205729882352941104e+03
2.722261078713937188e+00 1.837253570556640625e-03 1.205729882352941104e+03
2.722261078713937188e+00 1.925945281982421875e-03 1.205729882352941104e+03
2.722261078713937188e+00 1.762151718139648438e-03 1.205729882352941104e+03
2.722261078713937188e+00 1.836061477661132812e-03 1.205729882352941104e+03
2.722261078713937188e+00 1.712083816528320312e-03 1.205729882352941104e+03
2.722261078713937188e+00 1.797914505004882812e-03 1.205729882352941104e+03
2.722261078713937188e+00 3.947019577026367188e-03 1.205729882352941104e+03
2.722261078713937188e+00 3.594160079956054688e-03 1.205729882352941104e+03
2.722261078713937188e+00 3.332853317260742188e-03 1.205729882352941104e+03
2.722261078713937188e+00 2.588987350463867188e-03 1.205729882352941104e+03
2.722261078713937188e+00 1.844167709350585938e-03 1.205729882352941104e+03
2.722261078713937188e+00 1.860141754150390625e-03 1.205729882352941104e+03
2.722261078713937188e+00 2.696752548217773438e-03 1.205729882352941104e+03
2.722261078713937188e+00 3.461122512817382812e-03 1.205729882352941104e+03
2.722261078713937188e+00 1.821041107177734375e-03 1.205729882352941104e+03
2.722261078713937188e+00 1.824855804443359375e-03 1.205729882352941104e+03
2.722261078713937188e+00 1.742124557495117188e-03 1.205729882352941104e+03
2.722261078713937188e+00 1.795053482055664062e-03 1.205729882352941104e+03
2.722261078713937188e+00 1.780033111572265625e-03 1.205729882352941104e+03
2.722261078713937188e+00 1.652240753173828125e-03 1.205729882352941104e+03
2.722261078713937188e+00 3.254175186157226562e-03 1.205729882352941104e+03
2.722261078713937188e+00 2.301931381225585938e-03 1.205729882352941104e+03
2.722261078713937188e+00 1.826047897338867188e-03 1.205729882352941104e+03
2.722261078713937188e+00 1.752138137817382812e-03 1.205729882352941104e+03
2.722261078713937188e+00 2.177000045776367188e-03 1.205729882352941104e+03
2.722261078713937188e+00 1.734972000122070312e-03 1.205729882352941104e+03
2.722261078713937188e+00 2.404212951660156250e-03 1.205729882352941104e+03
2.722261078713937188e+00 2.302885055541992188e-03 1.205729882352941104e+03
2.722261078713937188e+00 5.099773406982421875e-03 1.205729882352941104e+03
2.722261078713937188e+00 2.089023590087890625e-03 1.205729882352941104e+03
2.722261078713937188e+00 1.806020736694335938e-03 1.205729882352941104e+03
2.722261078713937188e+00 1.868009567260742188e-03 1.205729882352941104e+03
2.722261078713937188e+00 1.829147338867187500e-03 1.205729882352941104e+03
2.722261078713937188e+00 2.674818038940429688e-03 1.205729882352941104e+03
2.722261078713937188e+00 3.212928771972656250e-03 1.205729882352941104e+03
2.722261078713937188e+00 1.880884170532226562e-03 1.205729882352941104e+03
2.722261078713937188e+00 1.807928085327148438e-03 1.205729882352941104e+03
2.722261078713937188e+00 2.544164657592773438e-03 1.205729882352941104e+03
2.722261078713937188e+00 2.400636672973632812e-03 1.205729882352941104e+03
2.722261078713937188e+00 1.872062683105468750e-03 1.205729882352941104e+03
2.722261078713937188e+00 1.728773117065429688e-03 1.205729882352941104e+03
2.722261078713937188e+00 3.225088119506835938e-03 1.205729882352941104e+03
2.722261078713937188e+00 2.105951309204101562e-03 1.205729882352941104e+03
2.722261078713937188e+00 1.745939254760742188e-03 1.205729882352941104e+03
2.722261078713937188e+00 1.760005950927734375e-03 1.205729882352941104e+03
2.722261078713937188e+00 2.571105957031250000e-03 1.205729882352941104e+03
2.722261078713937188e+00 3.142118453979492188e-03 1.205729882352941104e+03
2.722261078713937188e+00 3.247737884521484375e-03 1.205729882352941104e+03
2.722261078713937188e+00 3.547906875610351562e-03 1.205729882352941104e+03
2.722261078713937188e+00 1.795768737792968750e-03 1.205729882352941104e+03
2.722261078713937188e+00 1.899003982543945312e-03 1.205729882352941104e+03
2.722261078713937188e+00 2.116203308105468750e-03 1.205729882352941104e+03
2.722261078713937188e+00 1.772165298461914062e-03 1.205729882352941104e+03
2.722261078713937188e+00 1.703977584838867188e-03 1.205729882352941104e+03
2.722261078713937188e+00 1.693010330200195312e-03 1.205729882352941104e+03
2.722261078713937188e+00 1.693248748779296875e-03 1.205729882352941104e+03
2.722261078713937188e+00 3.362894058227539062e-03 1.205729882352941104e+03
2.722261078713937188e+00 1.996994018554687500e-03 1.205729882352941104e+03
2.722261078713937188e+00 1.764059066772460938e-03 1.205729882352941104e+03
2.722261078713937188e+00 1.714944839477539062e-03 1.205729882352941104e+03
2.722261078713937188e+00 1.771688461303710938e-03 1.205729882352941104e+03
2.722261078713937188e+00 1.697063446044921875e-03 1.205729882352941104e+03
2.722261078713937188e+00 1.796960830688476562e-03 1.205729882352941104e+03
2.722261078713937188e+00 1.703023910522460938e-03 1.205729882352941104e+03
2.722261078713937188e+00 4.580736160278320312e-03 1.205729882352941104e+03
2.722261078713937188e+00 8.759975433349609375e-03 1.205729882352941104e+03
2.722261078713937188e+00 3.348112106323242188e-03 1.205729882352941104e+03
2.722261078713937188e+00 4.541873931884765625e-03 1.205729882352941104e+03
2.722261078713937188e+00 2.840280532836914062e-03 1.205729882352941104e+03
2.722261078713937188e+00 1.943111419677734375e-03 1.205729882352941104e+03
2.722261078713937188e+00 1.661300659179687500e-03 1.205729882352941104e+03
2.722261078713937188e+00 1.690864562988281250e-03 1.205729882352941104e+03
2.722261078713937188e+00 1.847267150878906250e-03 1.205729882352941104e+03
2.722261078713937188e+00 1.715898513793945312e-03 1.205729882352941104e+03
2.722261078713937188e+00 2.053976058959960938e-03 1.205729882352941104e+03
2.722261078713937188e+00 3.897666931152343750e-03 1.205729882352941104e+03
2.722261078713937188e+00 3.089904785156250000e-03 1.205729882352941104e+03
2.722261078713937188e+00 2.974987030029296875e-03 1.205729882352941104e+03
2.722261078713937188e+00 3.781795501708984375e-03 1.205729882352941104e+03
2.722261078713937188e+00 5.756855010986328125e-03 1.205729882352941104e+03
2.722261078713937188e+00 3.164052963256835938e-03 1.205729882352941104e+03
2.722261078713937188e+00 1.726150512695312500e-03 1.205729882352941104e+03
2.722261078713937188e+00 1.875162124633789062e-03 1.205729882352941104e+03
2.722261078713937188e+00 1.906156539916992188e-03 1.205729882352941104e+03
2.722261078713937188e+00 1.648902893066406250e-03 1.205729882352941104e+03
2.722261078713937188e+00 1.695156097412109375e-03 1.205729882352941104e+03
2.722261078713937188e+00 3.277063369750976562e-03 1.205729882352941104e+03
2.722261078713937188e+00 3.035783767700195312e-03 1.205729882352941104e+03
2.722261078713937188e+00 3.869771957397460938e-03 1.205729882352941104e+03
2.722261078713937188e+00 2.192974090576171875e-03 1.205729882352941104e+03
2.722261078713937188e+00 2.189159393310546875e-03 1.205729882352941104e+03
2.722261078713937188e+00 3.138780593872070312e-03 1.205729882352941104e+03
2.722261078713937188e+00 3.880977630615234375e-03 1.205729882352941104e+03
2.722261078713937188e+00 1.742124557495117188e-03 1.205729882352941104e+03
2.722261078713937188e+00 2.649068832397460938e-03 1.205729882352941104e+03
2.722261078713937188e+00 2.597093582153320312e-03 1.205729882352941104e+03
2.722261078713937188e+00 2.975940704345703125e-03 1.205729882352941104e+03
2.722261078713937188e+00 2.043247222900390625e-03 1.205729882352941104e+03
2.722261078713937188e+00 3.357172012329101562e-03 1.205729882352941104e+03
2.722261078713937188e+00 2.202272415161132812e-03 1.205729882352941104e+03
2.722261078713937188e+00 1.784086227416992188e-03 1.205729882352941104e+03
2.722261078713937188e+00 1.761913299560546875e-03 1.205729882352941104e+03
2.722261078713937188e+00 1.806735992431640625e-03 1.205729882352941104e+03
2.722261078713937188e+00 1.742124557495117188e-03 1.205729882352941104e+03
2.722261078713937188e+00 1.749038696289062500e-03 1.205729882352941104e+03
2.722261078713937188e+00 1.828193664550781250e-03 1.205729882352941104e+03
2.722261078713937188e+00 4.092931747436523438e-03 1.205729882352941104e+03
2.722261078713937188e+00 1.790046691894531250e-03 1.205729882352941104e+03
2.722261078713937188e+00 1.779794692993164062e-03 1.205729882352941104e+03
2.722261078713937188e+00 1.671791076660156250e-03 1.205729882352941104e+03
2.722261078713937188e+00 1.689910888671875000e-03 1.205729882352941104e+03
2.722261078713937188e+00 1.689195632934570312e-03 1.205729882352941104e+03
2.722261078713937188e+00 1.710891723632812500e-03 1.205729882352941104e+03
2.722261078713937188e+00 1.946926116943359375e-03 1.205729882352941104e+03
2.722261078713937188e+00 6.036043167114257812e-03 1.205729882352941104e+03
2.722261078713937188e+00 1.857042312622070312e-03 1.205729882352941104e+03
2.722261078713937188e+00 2.810955047607421875e-03 1.205729882352941104e+03
2.722261078713937188e+00 2.425909042358398438e-03 1.205729882352941104e+03
2.722261078713937188e+00 1.636981964111328125e-03 1.205729882352941104e+03
2.722261078713937188e+00 1.833915710449218750e-03 1.205729882352941104e+03
2.722261078713937188e+00 2.517938613891601562e-03 1.205729882352941104e+03
2.722261078713937188e+00 4.412889480590820312e-03 1.205729882352941104e+03
2.722261078713937188e+00 1.663923263549804688e-03 1.205729882352941104e+03
2.722261078713937188e+00 1.785755157470703125e-03 1.205729882352941104e+03
2.722261078713937188e+00 1.678943634033203125e-03 1.205729882352941104e+03
2.722261078713937188e+00 1.746892929077148438e-03 1.205729882352941104e+03
2.722261078713937188e+00 2.483129501342773438e-03 1.205729882352941104e+03
2.722261078713937188e+00 3.100872039794921875e-03 1.205729882352941104e+03
2.722261078713937188e+00 3.605127334594726562e-03 1.205729882352941104e+03
2.722261078713937188e+00 1.802206039428710938e-03 1.205729882352941104e+03
2.722261078713937188e+00 1.748323440551757812e-03 1.205729882352941104e+03
2.722261078713937188e+00 1.743078231811523438e-03 1.205729882352941104e+03
2.722261078713937188e+00 2.649784088134765625e-03 1.205729882352941104e+03
2.722261078713937188e+00 1.915931701660156250e-03 1.205729882352941104e+03
2.722261078713937188e+00 2.832174301147460938e-03 1.205729882352941104e+03
2.722261078713937188e+00 5.055904388427734375e-03 1.205729882352941104e+03
2.722261078713937188e+00 2.945184707641601562e-03 1.205729882352941104e+03
2.722261078713937188e+00 4.078865051269531250e-03 1.205729882352941104e+03
2.722261078713937188e+00 2.431154251098632812e-03 1.205729882352941104e+03
2.722261078713937188e+00 2.610921859741210938e-03 1.205729882352941104e+03
2.722261078713937188e+00 3.500938415527343750e-03 1.205729882352941104e+03
2.722261078713937188e+00 1.791000366210937500e-03 1.205729882352941104e+03
2.722261078713937188e+00 1.760005950927734375e-03 1.205729882352941104e+03
2.722261078713937188e+00 1.648902893066406250e-03 1.205729882352941104e+03
2.722261078713937188e+00 1.687049865722656250e-03 1.205729882352941104e+03
2.722261078713937188e+00 1.719951629638671875e-03 1.205729882352941104e+03
2.722261078713937188e+00 1.801252365112304688e-03 1.205729882352941104e+03
2.722261078713937188e+00 3.792047500610351562e-03 1.205729882352941104e+03
2.722261078713937188e+00 6.480216979980468750e-03 1.205729882352941104e+03
2.722261078713937188e+00 2.105951309204101562e-03 1.205729882352941104e+03
2.722261078713937188e+00 2.938032150268554688e-03 1.205729882352941104e+03
2.722261078713937188e+00 2.061128616333007812e-03 1.205729882352941104e+03
2.722261078713937188e+00 2.038002014160156250e-03 1.205729882352941104e+03
2.722261078713937188e+00 3.556013107299804688e-03 1.205729882352941104e+03
2.722261078713937188e+00 2.055168151855468750e-03 1.205729882352941104e+03
2.722261078713937188e+00 1.713275909423828125e-03 1.205729882352941104e+03
2.722261078713937188e+00 1.676082611083984375e-03 1.205729882352941104e+03
2.722261078713937188e+00 1.720190048217773438e-03 1.205729882352941104e+03
2.722261078713937188e+00 1.646280288696289062e-03 1.205729882352941104e+03
2.722261078713937188e+00 1.637935638427734375e-03 1.205729882352941104e+03
2.722261078713937188e+00 1.753091812133789062e-03 1.205729882352941104e+03
2.722261078713937188e+00 2.525329589843750000e-03 1.205729882352941104e+03
2.722261078713937188e+00 3.186225891113281250e-03 1.205729882352941104e+03
2.722261078713937188e+00 2.214193344116210938e-03 1.205729882352941104e+03
2.722261078713937188e+00 1.697063446044921875e-03 1.205729882352941104e+03
2.722261078713937188e+00 1.718044281005859375e-03 1.205729882352941104e+03
2.722261078713937188e+00 1.682996749877929688e-03 1.205729882352941104e+03
2.722261078713937188e+00 1.909971237182617188e-03 1.205729882352941104e+03
2.722261078713937188e+00 1.028680801391601562e-02 1.205729882352941104e+03
2.722261078713937188e+00 2.501726150512695312e-03 1.205729882352941104e+03
2.722261078713937188e+00 1.672029495239257812e-03 1.205729882352941104e+03
2.722261078713937188e+00 1.655101776123046875e-03 1.205729882352941104e+03
2.722261078713937188e+00 1.655101776123046875e-03 1.205729882352941104e+03
2.722261078713937188e+00 1.649856567382812500e-03 1.205729882352941104e+03
2.722261078713937188e+00 3.128051757812500000e-03 1.205729882352941104e+03
2.722261078713937188e+00 2.249956130981445312e-03 1.205729882352941104e+03
2.722261078713937188e+00 1.670837402343750000e-03 1.205729882352941104e+03
2.722261078713937188e+00 1.656293869018554688e-03 1.205729882352941104e+03
2.722261078713937188e+00 1.669883728027343750e-03 1.205729882352941104e+03
2.722261078713937188e+00 1.909017562866210938e-03 1.205729882352941104e+03
2.722261078713937188e+00 1.848936080932617188e-03 1.205729882352941104e+03
2.722261078713937188e+00 1.770019531250000000e-03 1.205729882352941104e+03
2.722261078713937188e+00 2.138853073120117188e-03 1.205729882352941104e+03
2.722261078713937188e+00 3.420829772949218750e-03 1.205729882352941104e+03
2.722261078713937188e+00 2.260923385620117188e-03 1.205729882352941104e+03
2.722261078713937188e+00 2.006053924560546875e-03 1.205729882352941104e+03
2.722261078713937188e+00 2.909183502197265625e-03 1.205729882352941104e+03
2.722261078713937188e+00 3.443956375122070312e-03 1.205729882352941104e+03
2.722261078713937188e+00 5.793094635009765625e-03 1.205729882352941104e+03
2.722261078713937188e+00 1.713037490844726562e-03 1.205729882352941104e+03
2.722261078713937188e+00 1.699209213256835938e-03 1.205729882352941104e+03
2.722261078713937188e+00 1.682043075561523438e-03 1.205729882352941104e+03
2.722261078713937188e+00 1.824140548706054688e-03 1.205729882352941104e+03
2.722261078713937188e+00 1.826047897338867188e-03 1.205729882352941104e+03
2.722261078713937188e+00 1.732110977172851562e-03 1.205729882352941104e+03
2.722261078713937188e+00 3.690958023071289062e-03 1.205729882352941104e+03
2.722261078713937188e+00 2.314090728759765625e-03 1.205729882352941104e+03
2.722261078713937188e+00 1.813888549804687500e-03 1.205729882352941104e+03
2.722261078713937188e+00 1.677751541137695312e-03 1.205729882352941104e+03
2.722261078713937188e+00 1.669883728027343750e-03 1.205729882352941104e+03
2.722261078713937188e+00 1.655101776123046875e-03 1.205729882352941104e+03
2.722261078713937188e+00 1.652002334594726562e-03 1.205729882352941104e+03
2.722261078713937188e+00 1.754283905029296875e-03 1.205729882352941104e+03
2.722261078713937188e+00 8.227109909057617188e-03 1.205729882352941104e+03
2.722261078713937188e+00 2.062797546386718750e-03 1.205729882352941104e+03
2.722261078713937188e+00 5.558967590332031250e-03 1.205729882352941104e+03
2.722261078713937188e+00 4.489183425903320312e-03 1.205729882352941104e+03
2.722261078713937188e+00 2.757072448730468750e-03 1.205729882352941104e+03
2.722261078713937188e+00 2.008914947509765625e-03 1.205729882352941104e+03
2.722261078713937188e+00 2.956867218017578125e-03 1.205729882352941104e+03
2.722261078713937188e+00 2.150297164916992188e-03 1.205729882352941104e+03
2.722261078713937188e+00 2.022027969360351562e-03 1.205729882352941104e+03
2.722261078713937188e+00 3.245115280151367188e-03 1.205729882352941104e+03
2.722261078713937188e+00 3.257751464843750000e-03 1.205729882352941104e+03
2.722261078713937188e+00 1.968860626220703125e-03 1.205729882352941104e+03
2.722261078713937188e+00 1.951932907104492188e-03 1.205729882352941104e+03
2.722261078713937188e+00 2.344846725463867188e-03 1.205729882352941104e+03
2.722261078713937188e+00 1.978874206542968750e-03 1.205729882352941104e+03
2.722261078713937188e+00 2.459764480590820312e-03 1.205729882352941104e+03
2.722261078713937188e+00 5.476713180541992188e-03 1.205729882352941104e+03
2.722261078713937188e+00 3.725051879882812500e-03 1.205729882352941104e+03
2.722261078713937188e+00 2.211809158325195312e-03 1.205729882352941104e+03
2.722261078713937188e+00 1.851081848144531250e-03 1.205729882352941104e+03
2.722261078713937188e+00 1.853227615356445312e-03 1.205729882352941104e+03
2.722261078713937188e+00 1.826763153076171875e-03 1.205729882352941104e+03
2.722261078713937188e+00 1.923084259033203125e-03 1.205729882352941104e+03
2.722261078713937188e+00 3.422021865844726562e-03 1.205729882352941104e+03
2.722261078713937188e+00 2.192974090576171875e-03 1.205729882352941104e+03
2.722261078713937188e+00 1.727104187011718750e-03 1.205729882352941104e+03
2.722261078713937188e+00 3.232002258300781250e-03 1.205729882352941104e+03
2.722261078713937188e+00 2.656936645507812500e-03 1.205729882352941104e+03
2.722261078713937188e+00 2.836942672729492188e-03 1.205729882352941104e+03
2.722261078713937188e+00 4.487991333007812500e-03 1.205729882352941104e+03
2.722261078713937188e+00 2.613067626953125000e-03 1.205729882352941104e+03
2.722261078713937188e+00 1.707792282104492188e-02 1.205729882352941104e+03
2.722261078713937188e+00 3.402948379516601562e-03 1.205729882352941104e+03
2.722261078713937188e+00 4.076004028320312500e-03 1.205729882352941104e+03
2.722261078713937188e+00 7.869958877563476562e-03 1.205729882352941104e+03
2.722261078713937188e+00 3.789901733398437500e-03 1.205729882352941104e+03
2.722261078713937188e+00 2.328872680664062500e-03 1.205729882352941104e+03
2.722261078713937188e+00 2.561092376708984375e-03 1.205729882352941104e+03
2.722261078713937188e+00 2.160072326660156250e-03 1.205729882352941104e+03
2.722261078713937188e+00 5.374908447265625000e-03 1.205729882352941104e+03
2.722261078713937188e+00 3.794908523559570312e-03 1.205729882352941104e+03
2.722261078713937188e+00 3.257036209106445312e-03 1.205729882352941104e+03
2.722261078713937188e+00 2.852916717529296875e-03 1.205729882352941104e+03
2.722261078713937188e+00 3.420114517211914062e-03 1.205729882352941104e+03
2.722261078713937188e+00 4.418134689331054688e-03 1.205729882352941104e+03
2.722261078713937188e+00 1.743793487548828125e-03 1.205729882352941104e+03
2.722261078713937188e+00 1.719951629638671875e-03 1.205729882352941104e+03
2.722261078713937188e+00 1.715898513793945312e-03 1.205729882352941104e+03
2.722261078713937188e+00 1.696109771728515625e-03 1.205729882352941104e+03
2.722261078713937188e+00 1.664161682128906250e-03 1.205729882352941104e+03
2.722261078713937188e+00 2.598285675048828125e-03 1.205729882352941104e+03
2.722261078713937188e+00 4.439115524291992188e-03 1.205729882352941104e+03
2.722261078713937188e+00 2.351045608520507812e-03 1.205729882352941104e+03
2.722261078713937188e+00 2.907037734985351562e-03 1.205729882352941104e+03
2.722261078713937188e+00 1.775264739990234375e-03 1.205729882352941104e+03
2.722261078713937188e+00 1.667976379394531250e-03 1.205729882352941104e+03
2.722261078713937188e+00 1.824140548706054688e-03 1.205729882352941104e+03
2.722261078713937188e+00 4.647970199584960938e-03 1.205729882352941104e+03
2.722261078713937188e+00 5.848884582519531250e-03 1.205729882352941104e+03
2.722261078713937188e+00 2.210140228271484375e-03 1.205729882352941104e+03
2.722261078713937188e+00 1.996040344238281250e-03 1.205729882352941104e+03
2.722261078713937188e+00 1.945972442626953125e-03 1.205729882352941104e+03
2.722261078713937188e+00 4.317045211791992188e-03 1.205729882352941104e+03
2.722261078713937188e+00 3.400087356567382812e-03 1.205729882352941104e+03
2.722261078713937188e+00 2.624034881591796875e-03 1.205729882352941104e+03
2.722261078713937188e+00 2.890825271606445312e-03 1.205729882352941104e+03
2.722261078713937188e+00 2.274990081787109375e-03 1.205729882352941104e+03
2.722261078713937188e+00 1.680850982666015625e-03 1.205729882352941104e+03
2.722261078713937188e+00 3.090858459472656250e-03 1.205729882352941104e+03
2.722261078713937188e+00 3.052711486816406250e-03 1.205729882352941104e+03
2.722261078713937188e+00 1.739025115966796875e-03 1.205729882352941104e+03
2.722261078713937188e+00 2.725839614868164062e-03 1.205729882352941104e+03
2.722261078713937188e+00 2.644062042236328125e-03 1.205729882352941104e+03
2.722261078713937188e+00 2.494096755981445312e-03 1.205729882352941104e+03
2.722261078713937188e+00 3.428936004638671875e-03 1.205729882352941104e+03
2.722261078713937188e+00 3.633975982666015625e-03 1.205729882352941104e+03
2.722261078713937188e+00 1.713752746582031250e-03 1.205729882352941104e+03
2.722261078713937188e+00 1.663923263549804688e-03 1.205729882352941104e+03
2.722261078713937188e+00 1.868963241577148438e-03 1.205729882352941104e+03
2.722261078713937188e+00 1.716852188110351562e-03 1.205729882352941104e+03
2.722261078713937188e+00 1.779079437255859375e-03 1.205729882352941104e+03
2.722261078713937188e+00 2.033233642578125000e-03 1.205729882352941104e+03
2.722261078713937188e+00 3.175020217895507812e-03 1.205729882352941104e+03
2.722261078713937188e+00 2.814769744873046875e-03 1.205729882352941104e+03
2.722261078713937188e+00 2.504110336303710938e-03 1.205729882352941104e+03
2.722261078713937188e+00 3.216028213500976562e-03 1.205729882352941104e+03
2.722261078713937188e+00 2.402782440185546875e-03 1.205729882352941104e+03
2.722261078713937188e+00 1.736879348754882812e-03 1.205729882352941104e+03
2.722261078713937188e+00 1.837968826293945312e-03 1.205729882352941104e+03
2.722261078713937188e+00 2.648830413818359375e-03 1.205729882352941104e+03
2.722261078713937188e+00 4.889965057373046875e-03 1.205729882352941104e+03
2.722261078713937188e+00 3.509759902954101562e-03 1.205729882352941104e+03
2.722261078713937188e+00 2.887725830078125000e-03 1.205729882352941104e+03
2.722261078713937188e+00 2.027034759521484375e-03 1.205729882352941104e+03
2.722261078713937188e+00 1.915931701660156250e-03 1.205729882352941104e+03
2.722261078713937188e+00 3.053188323974609375e-03 1.205729882352941104e+03
2.722261078713937188e+00 2.685308456420898438e-03 1.205729882352941104e+03
2.722261078713937188e+00 1.753091812133789062e-03 1.205729882352941104e+03
2.722261078713937188e+00 2.255916595458984375e-03 1.205729882352941104e+03
2.722261078713937188e+00 2.245187759399414062e-03 1.205729882352941104e+03
2.722261078713937188e+00 2.840995788574218750e-03 1.205729882352941104e+03
2.722261078713937188e+00 1.803159713745117188e-03 1.205729882352941104e+03
2.722261078713937188e+00 3.399848937988281250e-03 1.205729882352941104e+03
2.722261078713937188e+00 1.801013946533203125e-03 1.205729882352941104e+03
2.722261078713937188e+00 1.677989959716796875e-03 1.205729882352941104e+03
2.722261078713937188e+00 1.687049865722656250e-03 1.205729882352941104e+03
2.722261078713937188e+00 1.771926879882812500e-03 1.205729882352941104e+03
2.722261078713937188e+00 1.692771911621093750e-03 1.205729882352941104e+03
2.722261078713937188e+00 3.237962722778320312e-03 1.205729882352941104e+03
2.722261078713937188e+00 4.572868347167968750e-03 1.205729882352941104e+03
2.722261078713937188e+00 3.647804260253906250e-03 1.205729882352941104e+03
2.722261078713937188e+00 1.882076263427734375e-03 1.205729882352941104e+03
2.722261078713937188e+00 1.716852188110351562e-03 1.205729882352941104e+03
2.722261078713937188e+00 1.797914505004882812e-03 1.205729882352941104e+03
2.722261078713937188e+00 1.732826232910156250e-03 1.205729882352941104e+03
2.722261078713937188e+00 1.760005950927734375e-03 1.205729882352941104e+03
2.722261078713937188e+00 2.769947052001953125e-03 1.205729882352941104e+03
2.722261078713937188e+00 3.366947174072265625e-03 1.205729882352941104e+03
2.722261078713937188e+00 2.023935317993164062e-03 1.205729882352941104e+03
2.722261078713937188e+00 1.796960830688476562e-03 1.205729882352941104e+03
2.722261078713937188e+00 1.682043075561523438e-03 1.205729882352941104e+03
2.722261078713937188e+00 1.659154891967773438e-03 1.205729882352941104e+03
2.722261078713937188e+00 1.705884933471679688e-03 1.205729882352941104e+03
2.722261078713937188e+00 2.300262451171875000e-03 1.205729882352941104e+03
2.722261078713937188e+00 3.211736679077148438e-03 1.205729882352941104e+03
2.722261078713937188e+00 2.102136611938476562e-03 1.205729882352941104e+03
2.722261078713937188e+00 1.713991165161132812e-03 1.205729882352941104e+03
2.722261078713937188e+00 2.330064773559570312e-03 1.205729882352941104e+03
2.722261078713937188e+00 6.608724594116210938e-03 1.205729882352941104e+03
2.722261078713937188e+00 3.483772277832031250e-03 1.205729882352941104e+03
2.722261078713937188e+00 2.065896987915039062e-03 1.205729882352941104e+03
2.722261078713937188e+00 1.762151718139648438e-03 1.205729882352941104e+03
2.722261078713937188e+00 1.795768737792968750e-03 1.205729882352941104e+03
2.722261078713937188e+00 1.815080642700195312e-03 1.205729882352941104e+03
2.722261078713937188e+00 1.690864562988281250e-03 1.205729882352941104e+03
2.722261078713937188e+00 1.679897308349609375e-03 1.205729882352941104e+03
2.722261078713937188e+00 1.967191696166992188e-03 1.205729882352941104e+03
2.722261078713937188e+00 3.591060638427734375e-03 1.205729882352941104e+03
2.722261078713937188e+00 1.771688461303710938e-03 1.205729882352941104e+03
2.722261078713937188e+00 1.704931259155273438e-03 1.205729882352941104e+03
2.722261078713937188e+00 1.687049865722656250e-03 1.205729882352941104e+03
2.722261078713937188e+00 1.677989959716796875e-03 1.205729882352941104e+03
2.722261078713937188e+00 1.732826232910156250e-03 1.205729882352941104e+03
2.722261078713937188e+00 1.678943634033203125e-03 1.205729882352941104e+03
2.722261078713937188e+00 1.806020736694335938e-03 1.205729882352941104e+03
2.722261078713937188e+00 5.137920379638671875e-03 1.205729882352941104e+03
2.722261078713937188e+00 3.100156784057617188e-03 1.205729882352941104e+03
2.722261078713937188e+00 2.849102020263671875e-03 1.205729882352941104e+03
2.722261078713937188e+00 2.139091491699218750e-03 1.205729882352941104e+03
2.722261078713937188e+00 1.691341400146484375e-03 1.205729882352941104e+03
2.722261078713937188e+00 1.960992813110351562e-03 1.205729882352941104e+03
2.722261078713937188e+00 3.775835037231445312e-03 1.205729882352941104e+03
2.722261078713937188e+00 1.801967620849609375e-03 1.205729882352941104e+03
2.722261078713937188e+00 2.098321914672851562e-03 1.205729882352941104e+03
2.722261078713937188e+00 1.844406127929687500e-03 1.205729882352941104e+03
2.722261078713937188e+00 1.992225646972656250e-03 1.205729882352941104e+03
2.722261078713937188e+00 2.131223678588867188e-03 1.205729882352941104e+03
2.722261078713937188e+00 1.877784729003906250e-03 1.205729882352941104e+03
2.722261078713937188e+00 3.973960876464843750e-03 1.205729882352941104e+03
2.722261078713937188e+00 1.790046691894531250e-03 1.205729882352941104e+03
2.722261078713937188e+00 1.749992370605468750e-03 1.205729882352941104e+03
2.722261078713937188e+00 1.752138137817382812e-03 1.205729882352941104e+03
2.722261078713937188e+00 1.767158508300781250e-03 1.205729882352941104e+03
2.722261078713937188e+00 2.212762832641601562e-03 1.205729882352941104e+03
2.722261078713937188e+00 3.139019012451171875e-03 1.205729882352941104e+03
2.722261078713937188e+00 5.081176757812500000e-03 1.205729882352941104e+03
2.722261078713937188e+00 2.852916717529296875e-03 1.205729882352941104e+03
2.722261078713937188e+00 1.716136932373046875e-03 1.205729882352941104e+03
2.722261078713937188e+00 1.680135726928710938e-03 1.205729882352941104e+03
2.722261078713937188e+00 1.734018325805664062e-03 1.205729882352941104e+03
2.722261078713937188e+00 1.648187637329101562e-03 1.205729882352941104e+03
2.722261078713937188e+00 1.624822616577148438e-03 1.205729882352941104e+03
2.722261078713937188e+00 1.703023910522460938e-03 1.205729882352941104e+03
2.722261078713937188e+00 2.824068069458007812e-03 1.205729882352941104e+03
2.722261078713937188e+00 2.271890640258789062e-03 1.205729882352941104e+03
2.722261078713937188e+00 1.744031906127929688e-03 1.205729882352941104e+03
2.722261078713937188e+00 1.667976379394531250e-03 1.205729882352941104e+03
2.722261078713937188e+00 2.279043197631835938e-03 1.205729882352941104e+03
2.722261078713937188e+00 1.765251159667968750e-03 1.205729882352941104e+03
2.722261078713937188e+00 1.671075820922851562e-03 1.205729882352941104e+03
2.722261078713937188e+00 2.204895019531250000e-03 1.205729882352941104e+03
2.722261078713937188e+00 3.808021545410156250e-03 1.205729882352941104e+03
2.722261078713937188e+00 1.783132553100585938e-03 1.205729882352941104e+03
2.722261078713937188e+00 1.695156097412109375e-03 1.205729882352941104e+03
2.722261078713937188e+00 2.276897430419921875e-03 1.205729882352941104e+03
2.722261078713937188e+00 2.726078033447265625e-03 1.205729882352941104e+03
2.722261078713937188e+00 3.081798553466796875e-03 1.205729882352941104e+03
2.722261078713937188e+00 3.957986831665039062e-03 1.205729882352941104e+03
2.722261078713937188e+00 2.089023590087890625e-03 1.205729882352941104e+03
2.722261078713937188e+00 1.690149307250976562e-03 1.205729882352941104e+03
2.722261078713937188e+00 2.099037170410156250e-03 1.205729882352941104e+03
2.722261078713937188e+00 1.987934112548828125e-03 1.205729882352941104e+03
2.722261078713937188e+00 1.756191253662109375e-03 1.205729882352941104e+03
2.722261078713937188e+00 1.726150512695312500e-03 1.205729882352941104e+03
2.722261078713937188e+00 1.867055892944335938e-03 1.205729882352941104e+03
2.722261078713937188e+00 3.139019012451171875e-03 1.205729882352941104e+03
2.722261078713937188e+00 1.969099044799804688e-03 1.205729882352941104e+03
2.722261078713937188e+00 1.659154891967773438e-03 1.205729882352941104e+03
2.722261078713937188e+00 1.631021499633789062e-03 1.205729882352941104e+03
2.722261078713937188e+00 1.631021499633789062e-03 1.205729882352941104e+03
2.722261078713937188e+00 1.629829406738281250e-03 1.205729882352941104e+03
2.722261078713937188e+00 1.626729965209960938e-03 1.205729882352941104e+03
2.722261078713937188e+00 1.671791076660156250e-03 1.205729882352941104e+03
2.722261078713937188e+00 3.527879714965820312e-03 1.205729882352941104e+03
2.722261078713937188e+00 3.062009811401367188e-03 1.205729882352941104e+03
2.722261078713937188e+00 2.035856246948242188e-03 1.205729882352941104e+03
2.722261078713937188e+00 1.704931259155273438e-03 1.205729882352941104e+03
2.722261078713937188e+00 1.713991165161132812e-03 1.205729882352941104e+03
2.722261078713937188e+00 1.836061477661132812e-03 1.205729882352941104e+03
2.722261078713937188e+00 1.802921295166015625e-03 1.205729882352941104e+03
2.722261078713937188e+00 1.726865768432617188e-03 1.205729882352941104e+03
2.722261078713937188e+00 3.028154373168945312e-03 1.205729882352941104e+03
2.722261078713937188e+00 2.288103103637695312e-03 1.205729882352941104e+03
2.722261078713937188e+00 1.682996749877929688e-03 1.205729882352941104e+03
2.722261078713937188e+00 1.646041870117187500e-03 1.205729882352941104e+03
2.722261078713937188e+00 1.676082611083984375e-03 1.205729882352941104e+03
2.722261078713937188e+00 1.684904098510742188e-03 1.205729882352941104e+03
2.722261078713937188e+00 1.659154891967773438e-03 1.205729882352941104e+03
2.722261078713937188e+00 1.627922058105468750e-03 1.205729882352941104e+03
2.722261078713937188e+00 1.673936843872070312e-03 1.205729882352941104e+03
2.722261078713937188e+00 2.794027328491210938e-03 1.205729882352941104e+03
2.722261078713937188e+00 2.166032791137695312e-03 1.205729882352941104e+03
2.722261078713937188e+00 1.652002334594726562e-03 1.205729882352941104e+03
2.722261078713937188e+00 1.635074615478515625e-03 1.205729882352941104e+03
2.722261078713937188e+00 1.652002334594726562e-03 1.205729882352941104e+03
2.722261078713937188e+00 1.631975173950195312e-03 1.205729882352941104e+03
2.722261078713937188e+00 2.321958541870117188e-03 1.205729882352941104e+03
2.722261078713937188e+00 2.233028411865234375e-03 1.205729882352941104e+03
2.722261078713937188e+00 4.993915557861328125e-03 1.205729882352941104e+03
2.722261078713937188e+00 1.930952072143554688e-03 1.205729882352941104e+03
2.722261078713937188e+00 1.737117767333984375e-03 1.205729882352941104e+03
2.722261078713937188e+00 1.706123352050781250e-03 1.205729882352941104e+03
2.722261078713937188e+00 1.758098602294921875e-03 1.205729882352941104e+03
2.722261078713937188e+00 1.713991165161132812e-03 1.205729882352941104e+03
2.722261078713937188e+00 1.651048660278320312e-03 1.205729882352941104e+03
2.722261078713937188e+00 1.704931259155273438e-03 1.205729882352941104e+03
2.722261078713937188e+00 2.859115600585937500e-03 1.205729882352941104e+03
2.722261078713937188e+00 2.159118652343750000e-03 1.205729882352941104e+03
2.722261078713937188e+00 1.901149749755859375e-03 1.205729882352941104e+03
2.722261078713937188e+00 1.800298690795898438e-03 1.205729882352941104e+03
2.722261078713937188e+00 1.775264739990234375e-03 1.205729882352941104e+03
2.722261078713937188e+00 1.676082611083984375e-03 1.205729882352941104e+03
2.722261078713937188e+00 1.713752746582031250e-03 1.205729882352941104e+03
2.722261078713937188e+00 1.670837402343750000e-03 1.205729882352941104e+03
2.722261078713937188e+00 2.049207687377929688e-03 1.205729882352941104e+03
2.722261078713937188e+00 3.321886062622070312e-03 1.205729882352941104e+03
2.722261078713937188e+00 2.224922180175781250e-03 1.205729882352941104e+03
2.722261078713937188e+00 3.020048141479492188e-03 1.205729882352941104e+03
2.722261078713937188e+00 2.588033676147460938e-03 1.205729882352941104e+03
2.722261078713937188e+00 1.681089401245117188e-03 1.205729882352941104e+03
2.722261078713937188e+00 1.645803451538085938e-03 1.205729882352941104e+03
2.722261078713937188e+00 1.737117767333984375e-03 1.205729882352941104e+03
2.722261078713937188e+00 4.238128662109375000e-03 1.205729882352941104e+03
2.722261078713937188e+00 2.165079116821289062e-03 1.205729882352941104e+03
2.722261078713937188e+00 1.981973648071289062e-03 1.205729882352941104e+03
2.722261078713937188e+00 1.904010772705078125e-03 1.205729882352941104e+03
2.722261078713937188e+00 1.770973205566406250e-03 1.205729882352941104e+03
2.722261078713937188e+00 1.647710800170898438e-03 1.205729882352941104e+03
2.722261078713937188e+00 1.629829406738281250e-03 1.205729882352941104e+03
2.722261078713937188e+00 1.982927322387695312e-03 1.205729882352941104e+03
2.722261078713937188e+00 3.541946411132812500e-03 1.205729882352941104e+03
2.722261078713937188e+00 1.714229583740234375e-03 1.205729882352941104e+03
2.722261078713937188e+00 1.732826232910156250e-03 1.205729882352941104e+03
2.722261078713937188e+00 1.729011535644531250e-03 1.205729882352941104e+03
2.722261078713937188e+00 1.639842987060546875e-03 1.205729882352941104e+03
2.722261078713937188e+00 1.986980438232421875e-03 1.205729882352941104e+03
2.722261078713937188e+00 2.247095108032226562e-03 1.205729882352941104e+03
2.722261078713937188e+00 4.253864288330078125e-03 1.205729882352941104e+03
2.722261078713937188e+00 2.717971801757812500e-03 1.205729882352941104e+03
2.722261078713937188e+00 1.691818237304687500e-03 1.205729882352941104e+03
2.722261078713937188e+00 1.695871353149414062e-03 1.205729882352941104e+03
2.722261078713937188e+00 1.646995544433593750e-03 1.205729882352941104e+03
2.722261078713937188e+00 1.702070236206054688e-03 1.205729882352941104e+03
2.722261078713937188e+00 1.733064651489257812e-03 1.205729882352941104e+03
2.722261078713937188e+00 1.703023910522460938e-03 1.205729882352941104e+03
2.722261078713937188e+00 1.990079879760742188e-03 1.205729882352941104e+03
2.722261078713937188e+00 3.178119659423828125e-03 1.205729882352941104e+03
2.722261078713937188e+00 1.784086227416992188e-03 1.205729882352941104e+03
2.722261078713937188e+00 1.747846603393554688e-03 1.205729882352941104e+03
2.722261078713937188e+00 1.652956008911132812e-03 1.205729882352941104e+03
2.722261078713937188e+00 1.705169677734375000e-03 1.205729882352941104e+03
2.722261078713937188e+00 1.669883728027343750e-03 1.205729882352941104e+03
2.722261078713937188e+00 1.682996749877929688e-03 1.205729882352941104e+03
2.722261078713937188e+00 1.635074615478515625e-03 1.205729882352941104e+03
2.722261078713937188e+00 1.812934875488281250e-03 1.205729882352941104e+03
2.722261078713937188e+00 3.089189529418945312e-03 1.205729882352941104e+03
2.722261078713937188e+00 2.346992492675781250e-03 1.205729882352941104e+03
2.722261078713937188e+00 1.840114593505859375e-03 1.205729882352941104e+03
2.722261078713937188e+00 3.252029418945312500e-03 1.205729882352941104e+03
2.722261078713937188e+00 2.350091934204101562e-03 1.205729882352941104e+03
2.722261078713937188e+00 3.221988677978515625e-03 1.205729882352941104e+03
2.722261078713937188e+00 3.968954086303710938e-03 1.205729882352941104e+03
2.722261078713937188e+00 2.195119857788085938e-03 1.205729882352941104e+03
2.722261078713937188e+00 1.682281494140625000e-03 1.205729882352941104e+03
2.722261078713937188e+00 1.705884933471679688e-03 1.205729882352941104e+03
2.722261078713937188e+00 1.672029495239257812e-03 1.205729882352941104e+03
2.722261078713937188e+00 1.781225204467773438e-03 1.205729882352941104e+03
2.722261078713937188e+00 1.730680465698242188e-03 1.205729882352941104e+03
2.722261078713937188e+00 2.989053726196289062e-03 1.205729882352941104e+03
2.722261078713937188e+00 2.141952514648437500e-03 1.205729882352941104e+03
2.722261078713937188e+00 1.649856567382812500e-03 1.205729882352941104e+03
2.722261078713937188e+00 1.651048660278320312e-03 1.205729882352941104e+03
2.722261078713937188e+00 2.422094345092773438e-03 1.205729882352941104e+03
2.722261078713937188e+00 1.907825469970703125e-03 1.205729882352941104e+03
2.722261078713937188e+00 1.823902130126953125e-03 1.205729882352941104e+03
2.722261078713937188e+00 2.313137054443359375e-03 1.205729882352941104e+03
2.722261078713937188e+00 4.498004913330078125e-03 1.205729882352941104e+03
2.722261078713937188e+00 1.702070236206054688e-03 1.205729882352941104e+03
2.722261078713937188e+00 1.718997955322265625e-03 1.205729882352941104e+03
2.722261078713937188e+00 1.669883728027343750e-03 1.205729882352941104e+03
2.722261078713937188e+00 1.642942428588867188e-03 1.205729882352941104e+03
2.722261078713937188e+00 1.633882522583007812e-03 1.205729882352941104e+03
2.722261078713937188e+00 1.748800277709960938e-03 1.205729882352941104e+03
2.722261078713937188e+00 1.677036285400390625e-03 1.205729882352941104e+03
2.722261078713937188e+00 1.830101013183593750e-03 1.205729882352941104e+03
2.722261078713937188e+00 3.343105316162109375e-03 1.205729882352941104e+03
2.722261078713937188e+00 1.727342605590820312e-03 1.205729882352941104e+03
2.722261078713937188e+00 1.682281494140625000e-03 1.205729882352941104e+03
2.722261078713937188e+00 1.807928085327148438e-03 1.205729882352941104e+03
2.722261078713937188e+00 1.718997955322265625e-03 1.205729882352941104e+03
2.722261078713937188e+00 1.778125762939453125e-03 1.205729882352941104e+03
2.722261078713937188e+00 1.715898513793945312e-03 1.205729882352941104e+03
2.722261078713937188e+00 1.698255538940429688e-03 1.205729882352941104e+03
2.722261078713937188e+00 2.892017364501953125e-03 1.205729882352941104e+03
2.722261078713937188e+00 2.119064331054687500e-03 1.205729882352941104e+03
2.722261078713937188e+00 1.642942428588867188e-03 1.205729882352941104e+03
2.722261078713937188e+00 2.024173736572265625e-03 1.205729882352941104e+03
2.722261078713937188e+00 2.142906188964843750e-03 1.205729882352941104e+03
2.722261078713937188e+00 3.190994262695312500e-03 1.205729882352941104e+03
2.722261078713937188e+00 3.474950790405273438e-03 1.205729882352941104e+03
2.722261078713937188e+00 3.138065338134765625e-03 1.205729882352941104e+03
2.722261078713937188e+00 1.698970794677734375e-03 1.205729882352941104e+03
2.722261078713937188e+00 1.628875732421875000e-03 1.205729882352941104e+03
2.722261078713937188e+00 1.839876174926757812e-03 1.205729882352941104e+03
2.722261078713937188e+00 2.039194107055664062e-03 1.205729882352941104e+03
2.722261078713937188e+00 2.215862274169921875e-03 1.205729882352941104e+03
2.722261078713937188e+00 2.850055694580078125e-03 1.205729882352941104e+03
2.722261078713937188e+00 4.062891006469726562e-03 1.205729882352941104e+03
2.722261078713937188e+00 1.732110977172851562e-03 1.205729882352941104e+03
2.722261078713937188e+00 1.705884933471679688e-03 1.205729882352941104e+03
2.722261078713937188e+00 1.677036285400390625e-03 1.205729882352941104e+03
2.722261078713937188e+00 1.708984375000000000e-03 1.205729882352941104e+03
2.722261078713937188e+00 1.721858978271484375e-03 1.205729882352941104e+03
2.722261078713937188e+00 1.841306686401367188e-03 1.205729882352941104e+03
2.722261078713937188e+00 2.926826477050781250e-03 1.205729882352941104e+03
2.722261078713937188e+00 3.001213073730468750e-03 1.205729882352941104e+03
2.722261078713937188e+00 1.885890960693359375e-03 1.205729882352941104e+03
2.722261078713937188e+00 2.305984497070312500e-03 1.205729882352941104e+03
2.722261078713937188e+00 1.740217208862304688e-03 1.205729882352941104e+03
2.722261078713937188e+00 2.082109451293945312e-03 1.205729882352941104e+03
2.722261078713937188e+00 2.472877502441406250e-03 1.205729882352941104e+03
2.722261078713937188e+00 3.746747970581054688e-03 1.205729882352941104e+03
2.722261078713937188e+00 2.036809921264648438e-03 1.205729882352941104e+03
2.722261078713937188e+00 1.768827438354492188e-03 1.205729882352941104e+03
2.722261078713937188e+00 1.892805099487304688e-03 1.205729882352941104e+03
2.722261078713937188e+00 1.745939254760742188e-03 1.205729882352941104e+03
2.722261078713937188e+00 1.740217208862304688e-03 1.205729882352941104e+03
2.722261078713937188e+00 1.727104187011718750e-03 1.205729882352941104e+03
2.722261078713937188e+00 1.807928085327148438e-03 1.205729882352941104e+03
2.722261078713937188e+00 2.699851989746093750e-03 1.205729882352941104e+03
2.722261078713937188e+00 2.245903015136718750e-03 1.205729882352941104e+03
2.722261078713937188e+00 1.672983169555664062e-03 1.205729882352941104e+03
2.722261078713937188e+00 1.754760742187500000e-03 1.205729882352941104e+03
2.722261078713937188e+00 1.714944839477539062e-03 1.205729882352941104e+03
2.722261078713937188e+00 1.703739166259765625e-03 1.205729882352941104e+03
2.722261078713937188e+00 2.353191375732421875e-03 1.205729882352941104e+03
2.722261078713937188e+00 2.954006195068359375e-03 1.205729882352941104e+03
2.722261078713937188e+00 4.423856735229492188e-03 1.205729882352941104e+03
2.722261078713937188e+00 1.733779907226562500e-03 1.205729882352941104e+03
2.722261078713937188e+00 1.719951629638671875e-03 1.205729882352941104e+03
2.722261078713937188e+00 1.714944839477539062e-03 1.205729882352941104e+03
2.722261078713937188e+00 1.679897308349609375e-03 1.205729882352941104e+03
2.722261078713937188e+00 1.708030700683593750e-03 1.205729882352941104e+03
2.722261078713937188e+00 1.678943634033203125e-03 1.205729882352941104e+03
2.722261078713937188e+00 1.708030700683593750e-03 1.205729882352941104e+03
2.722261078713937188e+00 2.655029296875000000e-03 1.205729882352941104e+03
2.722261078713937188e+00 2.458810806274414062e-03 1.205729882352941104e+03
2.722261078713937188e+00 1.729965209960937500e-03 1.205729882352941104e+03
2.722261078713937188e+00 1.680850982666015625e-03 1.205729882352941104e+03
2.722261078713937188e+00 1.659870147705078125e-03 1.205729882352941104e+03
2.722261078713937188e+00 1.633882522583007812e-03 1.205729882352941104e+03
2.722261078713937188e+00 1.631975173950195312e-03 1.205729882352941104e+03
2.722261078713937188e+00 1.627922058105468750e-03 1.205729882352941104e+03
2.722261078713937188e+00 1.795053482055664062e-03 1.205729882352941104e+03
2.722261078713937188e+00 3.118276596069335938e-03 1.205729882352941104e+03
2.722261078713937188e+00 3.084897994995117188e-03 1.205729882352941104e+03
2.722261078713937188e+00 2.224922180175781250e-03 1.205729882352941104e+03
2.722261078713937188e+00 3.006935119628906250e-03 1.205729882352941104e+03
2.722261078713937188e+00 2.891063690185546875e-03 1.205729882352941104e+03
2.722261078713937188e+00 2.218961715698242188e-03 1.205729882352941104e+03
2.722261078713937188e+00 3.378152847290039062e-03 1.205729882352941104e+03
2.722261078713937188e+00 2.198934555053710938e-03 1.205729882352941104e+03
2.722261078713937188e+00 1.676797866821289062e-03 1.205729882352941104e+03
2.722261078713937188e+00 1.758813858032226562e-03 1.205729882352941104e+03
2.722261078713937188e+00 1.674890518188476562e-03 1.205729882352941104e+03
2.722261078713937188e+00 1.718044281005859375e-03 1.205729882352941104e+03
2.722261078713937188e+00 1.676082611083984375e-03 1.205729882352941104e+03
2.722261078713937188e+00 1.702308654785156250e-03 1.205729882352941104e+03
2.722261078713937188e+00 1.641988754272460938e-03 1.205729882352941104e+03
2.722261078713937188e+00 2.679824829101562500e-03 1.205729882352941104e+03
2.722261078713937188e+00 2.717018127441406250e-03 1.205729882352941104e+03
2.722261078713937188e+00 1.765727996826171875e-03 1.205729882352941104e+03
2.722261078713937188e+00 1.724004745483398438e-03 1.205729882352941104e+03
2.722261078713937188e+00 1.693010330200195312e-03 1.205729882352941104e+03
2.722261078713937188e+00 1.716375350952148438e-03 1.205729882352941104e+03
2.722261078713937188e+00 2.289056777954101562e-03 1.205729882352941104e+03
2.722261078713937188e+00 1.825094223022460938e-03 1.205729882352941104e+03
2.722261078713937188e+00 2.736091613769531250e-03 1.205729882352941104e+03
2.722261078713937188e+00 2.187013626098632812e-03 1.205729882352941104e+03
2.722261078713937188e+00 2.059936523437500000e-03 1.205729882352941104e+03
2.722261078713937188e+00 1.650810241699218750e-03 1.205729882352941104e+03
2.722261078713937188e+00 1.624107360839843750e-03 1.205729882352941104e+03
2.722261078713937188e+00 1.654863357543945312e-03 1.205729882352941104e+03
2.722261078713937188e+00 1.652002334594726562e-03 1.205729882352941104e+03
2.722261078713937188e+00 1.831054687500000000e-03 1.205729882352941104e+03
2.722261078713937188e+00 1.687049865722656250e-03 1.205729882352941104e+03
2.722261078713937188e+00 1.687049865722656250e-03 1.205729882352941104e+03
2.722261078713937188e+00 2.596855163574218750e-03 1.205729882352941104e+03
2.722261078713937188e+00 1.680850982666015625e-03 1.205729882352941104e+03
2.722261078713937188e+00 1.757144927978515625e-03 1.205729882352941104e+03
2.722261078713937188e+00 1.636028289794921875e-03 1.205729882352941104e+03
2.722261078713937188e+00 1.647949218750000000e-03 1.205729882352941104e+03
2.722261078713937188e+00 1.625061035156250000e-03 1.205729882352941104e+03
2.722261078713937188e+00 1.627922058105468750e-03 1.205729882352941104e+03
2.722261078713937188e+00 1.633167266845703125e-03 1.205729882352941104e+03
2.722261078713937188e+00 1.623153686523437500e-03 1.205729882352941104e+03
2.722261078713937188e+00 1.860857009887695312e-03 1.205729882352941104e+03
2.722261078713937188e+00 2.284765243530273438e-03 1.205729882352941104e+03
2.722261078713937188e+00 2.882003784179687500e-03 1.205729882352941104e+03
2.722261078713937188e+00 1.997947692871093750e-03 1.205729882352941104e+03
2.722261078713937188e+00 1.691341400146484375e-03 1.205729882352941104e+03
2.722261078713937188e+00 1.831054687500000000e-03 1.205729882352941104e+03
2.722261078713937188e+00 2.113103866577148438e-03 1.205729882352941104e+03
2.722261078713937188e+00 1.674890518188476562e-03 1.205729882352941104e+03
2.722261078713937188e+00 1.635074615478515625e-03 1.205729882352941104e+03
2.722261078713937188e+00 1.658916473388671875e-03 1.205729882352941104e+03
2.722261078713937188e+00 1.652002334594726562e-03 1.205729882352941104e+03
2.722261078713937188e+00 1.731157302856445312e-03 1.205729882352941104e+03
2.722261078713937188e+00 1.697063446044921875e-03 1.205729882352941104e+03
2.722261078713937188e+00 1.685142517089843750e-03 1.205729882352941104e+03
2.722261078713937188e+00 1.711130142211914062e-03 1.205729882352941104e+03
2.722261078713937188e+00 1.672029495239257812e-03 1.205729882352941104e+03
2.722261078713937188e+00 1.689195632934570312e-03 1.205729882352941104e+03
2.722261078713937188e+00 1.631975173950195312e-03 1.205729882352941104e+03
2.722261078713937188e+00 1.704216003417968750e-03 1.205729882352941104e+03
2.722261078713937188e+00 1.704931259155273438e-03 1.205729882352941104e+03
2.722261078713937188e+00 1.672267913818359375e-03 1.205729882352941104e+03
2.722261078713937188e+00 1.711845397949218750e-03 1.205729882352941104e+03
2.722261078713937188e+00 1.681089401245117188e-03 1.205729882352941104e+03
2.722261078713937188e+00 2.275943756103515625e-03 1.205729882352941104e+03
2.722261078713937188e+00 1.935720443725585938e-03 1.205729882352941104e+03
2.722261078713937188e+00 2.575874328613281250e-03 1.205729882352941104e+03
2.722261078713937188e+00 1.698970794677734375e-03 1.205729882352941104e+03
2.722261078713937188e+00 1.794815063476562500e-03 1.205729882352941104e+03
2.722261078713937188e+00 2.023935317993164062e-03 1.205729882352941104e+03
2.722261078713937188e+00 1.653909683227539062e-03 1.205729882352941104e+03
2.722261078713937188e+00 1.930952072143554688e-03 1.205729882352941104e+03
2.722261078713937188e+00 1.935720443725585938e-03 1.205729882352941104e+03
2.722261078713937188e+00 1.811981201171875000e-03 1.205729882352941104e+03
2.722261078713937188e+00 1.675844192504882812e-03 1.205729882352941104e+03
2.722261078713937188e+00 1.631975173950195312e-03 1.205729882352941104e+03
2.722261078713937188e+00 1.686096191406250000e-03 1.205729882352941104e+03
2.722261078713937188e+00 1.642942428588867188e-03 1.205729882352941104e+03
2.722261078713937188e+00 1.637220382690429688e-03 1.205729882352941104e+03
2.722261078713937188e+00 1.647949218750000000e-03 1.205729882352941104e+03
2.722261078713937188e+00 1.652956008911132812e-03 1.205729882352941104e+03
2.722261078713937188e+00 1.641988754272460938e-03 1.205729882352941104e+03
2.722261078713937188e+00 1.628875732421875000e-03 1.205729882352941104e+03
2.722261078713937188e+00 1.657962799072265625e-03 1.205729882352941104e+03
2.722261078713937188e+00 1.631021499633789062e-03 1.205729882352941104e+03
2.722261078713937188e+00 1.623153686523437500e-03 1.205729882352941104e+03
2.722261078713937188e+00 2.235889434814453125e-03 1.205729882352941104e+03
2.722261078713937188e+00 1.911163330078125000e-03 1.205729882352941104e+03
2.722261078713937188e+00 2.914190292358398438e-03 1.205729882352941104e+03
2.722261078713937188e+00 1.667022705078125000e-03 1.205729882352941104e+03
2.722261078713937188e+00 1.634836196899414062e-03 1.205729882352941104e+03
2.722261078713937188e+00 1.723051071166992188e-03 1.205729882352941104e+03
2.722261078713937188e+00 1.675844192504882812e-03 1.205729882352941104e+03
2.722261078713937188e+00 1.714229583740234375e-03 1.205729882352941104e+03
2.722261078713937188e+00 1.670122146606445312e-03 1.205729882352941104e+03
2.722261078713937188e+00 1.714944839477539062e-03 1.205729882352941104e+03
2.722261078713937188e+00 1.705169677734375000e-03 1.205729882352941104e+03
2.722261078713937188e+00 1.656770706176757812e-03 1.205729882352941104e+03
2.722261078713937188e+00 1.635074615478515625e-03 1.205729882352941104e+03
2.722261078713937188e+00 1.626968383789062500e-03 1.205729882352941104e+03
2.722261078713937188e+00 1.637220382690429688e-03 1.205729882352941104e+03
2.722261078713937188e+00 1.674890518188476562e-03 1.205729882352941104e+03
2.722261078713937188e+00 1.732826232910156250e-03 1.205729882352941104e+03
2.722261078713937188e+00 1.804113388061523438e-03 1.205729882352941104e+03
2.722261078713937188e+00 1.676082611083984375e-03 1.205729882352941104e+03
2.722261078713937188e+00 1.713037490844726562e-03 1.205729882352941104e+03
2.722261078713937188e+00 1.678705215454101562e-03 1.205729882352941104e+03
2.722261078713937188e+00 1.712083816528320312e-03 1.205729882352941104e+03
2.722261078713937188e+00 1.693248748779296875e-03 1.205729882352941104e+03
2.722261078713937188e+00 2.324819564819335938e-03 1.205729882352941104e+03
2.722261078713937188e+00 1.838922500610351562e-03 1.205729882352941104e+03
2.722261078713937188e+00 2.550125122070312500e-03 1.205729882352941104e+03
2.722261078713937188e+00 1.757144927978515625e-03 1.205729882352941104e+03
2.722261078713937188e+00 2.013206481933593750e-03 1.205729882352941104e+03
2.722261078713937188e+00 2.526760101318359375e-03 1.205729882352941104e+03
2.722261078713937188e+00 3.108263015747070312e-03 1.205729882352941104e+03
2.722261078713937188e+00 2.027034759521484375e-03 1.205729882352941104e+03
2.722261078713937188e+00 1.660823822021484375e-03 1.205729882352941104e+03
2.722261078713937188e+00 1.732110977172851562e-03 1.205729882352941104e+03
2.722261078713937188e+00 1.709938049316406250e-03 1.205729882352941104e+03
2.722261078713937188e+00 1.728057861328125000e-03 1.205729882352941104e+03
2.722261078713937188e+00 1.677989959716796875e-03 1.205729882352941104e+03
2.722261078713937188e+00 1.654863357543945312e-03 1.205729882352941104e+03
2.722261078713937188e+00 1.694917678833007812e-03 1.205729882352941104e+03
2.722261078713937188e+00 1.728057861328125000e-03 1.205729882352941104e+03
2.722261078713937188e+00 1.696109771728515625e-03 1.205729882352941104e+03
2.722261078713937188e+00 1.660823822021484375e-03 1.205729882352941104e+03
2.722261078713937188e+00 1.631021499633789062e-03 1.205729882352941104e+03
2.722261078713937188e+00 1.682043075561523438e-03 1.205729882352941104e+03
2.722261078713937188e+00 2.697944641113281250e-03 1.205729882352941104e+03
2.722261078713937188e+00 2.247095108032226562e-03 1.205729882352941104e+03
2.722261078713937188e+00 2.854824066162109375e-03 1.205729882352941104e+03
2.722261078713937188e+00 1.812934875488281250e-03 1.205729882352941104e+03
2.722261078713937188e+00 1.653909683227539062e-03 1.205729882352941104e+03
2.722261078713937188e+00 1.636266708374023438e-03 1.205729882352941104e+03
2.722261078713937188e+00 1.761198043823242188e-03 1.205729882352941104e+03
2.722261078713937188e+00 1.712083816528320312e-03 1.205729882352941104e+03
2.722261078713937188e+00 1.681804656982421875e-03 1.205729882352941104e+03
2.722261078713937188e+00 1.727819442749023438e-03 1.205729882352941104e+03
2.722261078713937188e+00 1.670837402343750000e-03 1.205729882352941104e+03
2.722261078713937188e+00 1.823902130126953125e-03 1.205729882352941104e+03
2.722261078713937188e+00 1.759052276611328125e-03 1.205729882352941104e+03
2.722261078713937188e+00 1.676082611083984375e-03 1.205729882352941104e+03
2.722261078713937188e+00 1.707792282104492188e-03 1.205729882352941104e+03
2.722261078713937188e+00 1.677989959716796875e-03 1.205729882352941104e+03
2.722261078713937188e+00 1.701831817626953125e-03 1.205729882352941104e+03
2.722261078713937188e+00 1.683950424194335938e-03 1.205729882352941104e+03
2.722261078713937188e+00 1.712799072265625000e-03 1.205729882352941104e+03
2.722261078713937188e+00 1.642942428588867188e-03 1.205729882352941104e+03
