1.777226148923666915e+04 0.000000000000000000e+00
1.338785102093156274e+04 1.055002212524414062e-03
1.009905930053369775e+04 8.997917175292968750e-04
7.629782024263877247e+03 8.571147918701171875e-04
5.773896441804383358e+03 8.478164672851562500e-04
4.377480038946005152e+03 8.440017700195312500e-04
3.325548680579333450e+03 8.409023284912109375e-04
2.532163262117988324e+03 8.609294891357421875e-04
1.933047913320405996e+03 8.521080017089843750e-04
1.480082263698027873e+03 8.370876312255859375e-04
1.137193871511396765e+03 8.847713470458984375e-04
8.772982870611464250e+02 8.597373962402343750e-04
6.800235282078874661e+02 8.409023284912109375e-04
5.300209870965691152e+02 8.451938629150390625e-04
4.157126436277718540e+02 8.389949798583984375e-04
3.283604517429106409e+02 8.368492126464843750e-04
2.613718868043497423e+02 8.351802825927734375e-04
2.097781420393494045e+02 8.709430694580078125e-04
1.698392148202734404e+02 8.401870727539062500e-04
1.387434642191065564e+02 8.821487426757812500e-04
1.143786348771013053e+02 1.085996627807617188e-03
9.515765171141755729e+01 8.621215820312500000e-04
7.988665316775401948e+01 1.035928726196289062e-03
6.766557116360074531e+01 1.046895980834960938e-03
5.781364202467622704e+01 1.086950302124023438e-03
4.981385511398241306e+01 1.281976699829101562e-03
4.327166111417180616e+01 1.427412033081054688e-03
3.788433432037626147e+01 1.404285430908203125e-03
3.341824657729407022e+01 1.399993896484375000e-03
2.969199177609684170e+01 1.062870025634765625e-03
2.656382668143474746e+01 1.042842864990234375e-03
2.392229411550308171e+01 9.102821350097656250e-04
2.167919429681172616e+01 8.938312530517578125e-04
1.976429224557390185e+01 1.009941101074218750e-03
1.812131250364936719e+01 1.232862472534179688e-03
1.670489194852777004e+01 1.703023910522460938e-03
1.547824872771011684e+01 2.617120742797851562e-03
1.441138897107289196e+01 1.760959625244140625e-03
1.347971937653154129e+01 1.699686050415039062e-03
1.266296771482934069e+01 1.971006393432617188e-03
1.194433818677687498e+01 1.929044723510742188e-03
1.130984687136246869e+01 1.658201217651367188e-03
1.074779601898667103e+01 1.352310180664062500e-03
1.024835596620773259e+01 1.441001892089843750e-03
9.803230913630612164e+00 1.461029052734375000e-03
9.405390395556912253e+00 1.086950302124023438e-03
9.048852471604730496e+00 1.177787780761718750e-03
8.728507845792350395e+00 1.103162765502929688e-03
8.439976530125926857e+00 1.284837722778320312e-03
8.179490510285472027e+00 9.689331054687500000e-04
7.943797282654737835e+00 9.160041809082031250e-04
7.730080219886118265e+00 9.541511535644531250e-04
7.535892564668897897e+00 9.646415710449218750e-04
7.359102506825131229e+00 9.129047393798828125e-04
7.197847311156699845e+00 9.751319885253906250e-04
7.050494865680480672e+00 9.529590606689453125e-04
6.915611337061777775e+00 1.002073287963867188e-03
6.791933871244603793e+00 1.023054122924804688e-03
6.678347477040946778e+00 1.035928726196289062e-03
6.573865389957363803e+00 1.252889633178710938e-03
6.477612341419892061e+00 1.163005828857421875e-03
6.388810261478852226e+00 1.662969589233398438e-03
6.306766026215412602e+00 1.167774200439453125e-03
6.230860928481606997e+00 1.108884811401367188e-03
6.160541605453588865e+00 9.069442749023437500e-04
6.095312201260692397e+00 9.098052978515625000e-04
6.034727579639948658e+00 8.721351623535156250e-04
5.978387431719093925e+00 8.611679077148437500e-04
5.925931148892641609e+00 9.126663208007812500e-04
5.877033351318396548e+00 9.300708770751953125e-04
5.831399979618844931e+00 1.409053802490234375e-03
5.788764871563492065e+00 2.419948577880859375e-03
5.748886757348360632e+00 1.816987991333007812e-03
5.711546616995104131e+00 1.368284225463867188e-03
5.676545351702329434e+00 1.521825790405273438e-03
5.643701727971198956e+00 9.911060333251953125e-04
5.612850559221158164e+00 9.028911590576171875e-04
5.583841094593805288e+00 8.778572082519531250e-04
5.556535588864353947e+00 8.678436279296875000e-04
5.530808030965766342e+00 8.912086486816406250e-04
5.506543011683038280e+00 8.640289306640625000e-04
5.483634713679235162e+00 8.547306060791015625e-04
5.461986009241516449e+00 9.040832519531250000e-04
5.441507653043540671e+00 9.262561798095703125e-04
5.422117558858466246e+00 8.950233459472656250e-04
5.403740150566434863e+00 8.771419525146484375e-04
5.386305779015122752e+00 1.422166824340820312e-03
5.369750197341441655e+00 9.737014770507812500e-04
5.354014088270091065e+00 9.589195251464843750e-04
5.339042637692070770e+00 9.531974792480468750e-04
5.324785149509517979e+00 1.030921936035156250e-03
5.311194697327826120e+00 1.056909561157226562e-03
5.298227809094118612e+00 8.678436279296875000e-04
5.285844181233415817e+00 8.728504180908203125e-04
5.274006419228996378e+00 8.661746978759765625e-04
5.262679801939847302e+00 8.649826049804687500e-04
5.251832067251459790e+00 9.338855743408203125e-04
5.241433216922963823e+00 9.200572967529296875e-04
5.231455338728106419e+00 9.469985961914062500e-04
5.221872444194168850e+00 9.489059448242187500e-04
5.212660320425035465e+00 9.589195251464843750e-04
5.203796394655853419e+00 9.472370147705078125e-04
5.195259610328709421e+00 8.978843688964843750e-04
5.187030313605259124e+00 1.013994216918945312e-03
5.179090149343797300e+00 1.111984252929687500e-03
5.171421965667600595e+00 1.017808914184570312e-03
5.164009726339844342e+00 9.598731994628906250e-04
5.156838430238688709e+00 9.777545928955078125e-04
5.149894037296399496e+00 9.369850158691406250e-04
5.143163400328797152e+00 1.020908355712890625e-03
5.136634202237007507e+00 1.072168350219726562e-03
5.130294898113681334e+00 1.894950866699218750e-03
5.124134661830225035e+00 1.095771789550781250e-03
5.118143336721922232e+00 1.528739929199218750e-03
5.112311390023501545e+00 1.489162445068359375e-03
5.106629870740164279e+00 1.246213912963867188e-03
5.101090370668053708e+00 9.016990661621093750e-04
5.095684988304128638e+00 9.598731994628906250e-04
5.090406295409087178e+00 9.977817535400390625e-04
5.085247306008150225e+00 1.163959503173828125e-03
5.080201447633538869e+00 9.417533874511718750e-04
5.075262534629859879e+00 8.840560913085937500e-04
5.070424743359331465e+00 9.908676147460937500e-04
5.065682589157655791e+00 1.050233840942382812e-03
5.061030904904450622e+00 9.548664093017578125e-04
5.056464821083602068e+00 9.188652038574218750e-04
5.051979747219422556e+00 9.460449218750000000e-04
5.047571354584162506e+00 9.269714355468750000e-04
5.043235560081079427e+00 9.138584136962890625e-04
5.038968511215105472e+00 9.510517120361328125e-04
5.034766572070469515e+00 9.169578552246093750e-04
5.030626310221112618e+00 1.061201095581054688e-03
5.026544484505718557e+00 1.034975051879882812e-03
5.022518033604669974e+00 9.071826934814453125e-04
5.018544065361199458e+00 9.820461273193359375e-04
5.014619846793478608e+00 1.137018203735351562e-03
5.010742794748774820e+00 9.260177612304687500e-04
5.006910467154287225e+00 9.553432464599609375e-04
5.003120554823062172e+00 9.338855743408203125e-04
4.999370873776345370e+00 1.038074493408203125e-03
4.995659358046816045e+00 1.013994216918945312e-03
4.991984052929787197e+00 8.671283721923828125e-04
4.988343108651837277e+00 8.819103240966796875e-04
4.984734774428741133e+00 8.671283721923828125e-04
4.981157392886544244e+00 8.499622344970703125e-04
4.977609394821589817e+00 8.540153503417968750e-04
4.974089294277064255e+00 8.556842803955078125e-04
4.970595683915213669e+00 8.559226989746093750e-04
4.967127230665928650e+00 8.919239044189453125e-04
4.963682671633746324e+00 9.510517120361328125e-04
4.960260810246599483e+00 1.018047332763671875e-03
4.956860512630775872e+00 1.443147659301757812e-03
4.953480704197732898e+00 1.957893371582031250e-03
4.950120366429299423e+00 1.706123352050781250e-03
4.946778533848752879e+00 1.423120498657226562e-03
4.943454291166222703e+00 1.563787460327148438e-03
4.940146770587516833e+00 9.660720825195312500e-04
4.936855149276229149e+00 9.529590606689453125e-04
4.933578646959810854e+00 8.630752563476562500e-04
4.930316523670665418e+00 8.497238159179687500e-04
4.927068077614178421e+00 1.123905181884765625e-03
4.923832643155945377e+00 1.120805740356445312e-03
4.920609588921039723e+00 9.510517120361328125e-04
4.917398315998623204e+00 1.049995422363281250e-03
4.914198256245626339e+00 8.580684661865234375e-04
4.911008870683687633e+00 8.509159088134765625e-04
4.907829647983732890e+00 9.326934814453125000e-04
4.904660103033256391e+00 1.192092895507812500e-03
4.901499775581294571e+00 9.319782257080078125e-04
4.898348228956736605e+00 8.521080017089843750e-04
4.895205048855605590e+00 8.351802825927734375e-04
4.892069842193507156e+00 9.539127349853515625e-04
4.888942236019405030e+00 1.013994216918945312e-03
4.885821876487247195e+00 8.459091186523437500e-04
4.882708427882248792e+00 8.401870727539062500e-04
4.879601571698665374e+00 8.358955383300781250e-04
4.876501005766214369e+00 8.308887481689453125e-04
4.873406443422426904e+00 8.287429809570312500e-04
4.870317612728360501e+00 8.409023284912109375e-04
4.867234255725280789e+00 8.301734924316406250e-04
4.864156127730076662e+00 8.249282836914062500e-04
4.861082996667249745e+00 9.598731994628906250e-04
4.858014642435487751e+00 8.587837219238281250e-04
4.854950856306972540e+00 8.392333984375000000e-04
4.851891440357583463e+00 9.460449218750000000e-04
4.848836206926403491e+00 1.152038574218750000e-03
4.845784978102895657e+00 9.808540344238281250e-04
4.842737585240274534e+00 8.959770202636718750e-04
4.839693868493730733e+00 8.509159088134765625e-04
4.836653676382074885e+00 8.401870727539062500e-04
4.833616865371693549e+00 9.560585021972656250e-04
4.830583299481493675e+00 1.104831695556640625e-03
4.827552849907900345e+00 1.394987106323242188e-03
4.824525394668664369e+00 1.200914382934570312e-03
4.821500818264673249e+00 1.529216766357421875e-03
4.818479011358703268e+00 1.504182815551757812e-03
4.815459870470275128e+00 1.290798187255859375e-03
4.812443297685800481e+00 8.900165557861328125e-04
4.809429200383186220e+00 8.590221405029296875e-04
4.806417490970201101e+00 8.509159088134765625e-04
4.803408086635819529e+00 9.570121765136718750e-04
4.800400909113989201e+00 1.127004623413085938e-03
4.797395884459076498e+00 9.899139404296875000e-04
4.794392942832465643e+00 8.609294891357421875e-04
4.791392018299713840e+00 8.478164672851562500e-04
4.788393048637753502e+00 9.021759033203125000e-04
4.785395975151583770e+00 9.269714355468750000e-04
4.782400742500021451e+00 1.111030578613281250e-03
4.779407298530061077e+00 8.928775787353515625e-04
4.776415594119325370e+00 8.602142333984375000e-04
4.773425583026339680e+00 8.530616760253906250e-04
4.770437221748093037e+00 9.450912475585937500e-04
4.767450469384622913e+00 9.191036224365234375e-04
4.764465287510257774e+00 9.019374847412109375e-04
4.761481640051127506e+00 8.640289306640625000e-04
4.758499493168697470e+00 9.067058563232421875e-04
4.755518815149008205e+00 8.721351623535156250e-04
4.752539576297320600e+00 8.480548858642578125e-04
4.749561748837892949e+00 9.148120880126953125e-04
4.746585306818706940e+00 1.080989837646484375e-03
4.743610226020776643e+00 9.791851043701171875e-04
4.740636483871962348e+00 8.478164672851562500e-04
4.737664059364910862e+00 1.089096069335937500e-03
4.734692932979064572e+00 9.829998016357421875e-04
4.731723086606430151e+00 1.106262207031250000e-03
4.728754503480995908e+00 9.799003601074218750e-04
4.725787168111570402e+00 8.869171142578125000e-04
4.722821066217908204e+00 8.771419525146484375e-04
4.719856184669933619e+00 8.571147918701171875e-04
4.716892511429953139e+00 8.430480957031250000e-04
4.713930035497653215e+00 8.401870727539062500e-04
4.710968746857795431e+00 8.389949798583984375e-04
4.708008636430476734e+00 8.819103240966796875e-04
4.705049696023781536e+00 1.385927200317382812e-03
4.702091918288763495e+00 1.049757003784179688e-03
4.699135296676628215e+00 1.400947570800781250e-03
4.696179825397982732e+00 1.631021499633789062e-03
4.693225499384099386e+00 9.069442749023437500e-04
4.690272314250053753e+00 8.521080017089843750e-04
4.687320266259668244e+00 1.065015792846679688e-03
4.684369352292175215e+00 9.250640869140625000e-04
4.681419569810495673e+00 1.018285751342773438e-03
4.678470916831076742e+00 8.628368377685546875e-04
4.675523391895209713e+00 8.630752563476562500e-04
4.672576994041748755e+00 8.969306945800781250e-04
4.669631722781165450e+00 9.710788726806640625e-04
4.666687578070874309e+00 9.350776672363281250e-04
4.663744560291758212e+00 8.909702301025390625e-04
4.660802670225890232e+00 9.071826934814453125e-04
4.657861909035279524e+00 8.578300476074218750e-04
4.654922278241717670e+00 8.640289306640625000e-04
4.651983779707609123e+00 8.461475372314453125e-04
4.649046415617717365e+00 9.417533874511718750e-04
4.646110188461840984e+00 1.048088073730468750e-03
4.643175101018327311e+00 1.008987426757812500e-03
4.640241156338404949e+00 9.431838989257812500e-04
4.637308357731297015e+00 8.690357208251953125e-04
4.634376708750060025e+00 8.938312530517578125e-04
4.631446213178124438e+00 8.928775787353515625e-04
4.628516875016517318e+00 1.055002212524414062e-03
4.625588698471704951e+00 8.430480957031250000e-04
4.622661687944041198e+00 8.561611175537109375e-04
4.619735848016788715e+00 1.147031784057617188e-03
4.616811183445707734e+00 8.628368377685546875e-04
4.613887699149125332e+00 8.478164672851562500e-04
4.610965400198537623e+00 8.380413055419921875e-04
4.608044291809660464e+00 8.401870727539062500e-04
4.605124379333934925e+00 8.380413055419921875e-04
4.602205668250453741e+00 1.193046569824218750e-03
4.599288164158301662e+00 1.009941101074218750e-03
4.596371872769278610e+00 1.213788986206054688e-03
4.593456799900973664e+00 1.172065734863281250e-03
4.590542951470210298e+00 8.749961853027343750e-04
4.587630333486810486e+00 8.530616760253906250e-04
4.584718952047667884e+00 8.459091186523437500e-04
4.581808813331138097e+00 8.850097656250000000e-04
4.578899923591704280e+00 1.215934753417968750e-03
4.575992289154907411e+00 1.404047012329101562e-03
4.573085916412541252e+00 1.305818557739257812e-03
4.570180811818089772e+00 9.112358093261718750e-04
4.567276981882397280e+00 1.158952713012695312e-03
4.564374433169570366e+00 8.449554443359375000e-04
4.561473172293063705e+00 8.459091186523437500e-04
4.558573205911995885e+00 1.038074493408203125e-03
4.555674540727631339e+00 9.927749633789062500e-04
4.552777183480054113e+00 9.670257568359375000e-04
4.549881140945025493e+00 1.004695892333984375e-03
4.546986419930961532e+00 1.151800155639648438e-03
4.544093027276126406e+00 1.003026962280273438e-03
4.541200969845910151e+00 8.909702301025390625e-04
4.538310254530300902e+00 8.609294891357421875e-04
4.535420888241455728e+00 9.431838989257812500e-04
4.532532877911399360e+00 1.234054565429687500e-03
4.529646230489862369e+00 1.167297363281250000e-03
4.526760952942209038e+00 1.331329345703125000e-03
4.523877052247499364e+00 1.132011413574218750e-03
4.520994535396623881e+00 1.073837280273437500e-03
4.518113409390553059e+00 8.871555328369140625e-04
4.515233681238681740e+00 8.919239044189453125e-04
4.512355357957258839e+00 9.489059448242187500e-04
4.509478446567886323e+00 9.369850158691406250e-04
4.506602954096116775e+00 9.000301361083984375e-04
4.503728887570106032e+00 9.369850158691406250e-04
4.500856254019369729e+00 9.579658508300781250e-04
4.497985060473554064e+00 1.178979873657226562e-03
4.495115313961327352e+00 1.306772232055664062e-03
4.492247021509287563e+00 9.710788726806640625e-04
4.489380190140972893e+00 1.058101654052734375e-03
4.486514826875863449e+00 9.529590606689453125e-04
4.483650938728502844e+00 1.135110855102539062e-03
4.480788532707618899e+00 1.667261123657226562e-03
4.477927615815314510e+00 1.422166824340820312e-03
4.475068195046302044e+00 1.076221466064453125e-03
4.472210277387161703e+00 1.024007797241210938e-03
4.469353869815662961e+00 8.971691131591796875e-04
4.466498979300115302e+00 1.389980316162109375e-03
4.463645612798737616e+00 1.225233078002929688e-03
4.460793777259086212e+00 1.549005508422851562e-03
4.457943479617506810e+00 1.784086227416992188e-03
4.455094726798596305e+00 2.315044403076171875e-03
4.452247525714731147e+00 1.460790634155273438e-03
4.449401883265591273e+00 8.947849273681640625e-04
4.446557806337717800e+00 1.101016998291015625e-03
4.443715301804100015e+00 9.329319000244140625e-04
4.440874376523790801e+00 8.718967437744140625e-04
4.438035037341517608e+00 8.430480957031250000e-04
4.435197291087350280e+00 8.580684661865234375e-04
4.432361144576353773e+00 8.909702301025390625e-04
4.429526604608294171e+00 8.919239044189453125e-04
4.426693677967314500e+00 8.540153503417968750e-04
4.423862371421684259e+00 8.487701416015625000e-04
4.421032691723524088e+00 8.490085601806640625e-04
4.418204645608545533e+00 8.356571197509765625e-04
4.415378239795837878e+00 8.440017700195312500e-04
4.412553480987617682e+00 8.389949798583984375e-04
4.409730375869056473e+00 8.399486541748046875e-04
4.406908931108032945e+00 9.131431579589843750e-04
4.404089153354993513e+00 1.317262649536132812e-03
4.401271049242740929e+00 1.029968261718750000e-03
4.398454625386288619e+00 8.792877197265625000e-04
4.395639888382685712e+00 8.568763732910156250e-04
4.392826844810880260e+00 8.420944213867187500e-04
4.390015501231568251e+00 8.430480957031250000e-04
4.387205864187067483e+00 8.389949798583984375e-04
4.384397940201192334e+00 8.380413055419921875e-04
4.381591735779122310e+00 8.380413055419921875e-04
4.378787257407300793e+00 8.356571197509765625e-04
4.375984511553320466e+00 8.418560028076171875e-04
4.373183504665836274e+00 8.451938629150390625e-04
4.370384243174449956e+00 8.478164672851562500e-04
4.367586733489621231e+00 1.139163970947265625e-03
4.364790982002616282e+00 8.902549743652343750e-04
4.361996995085378970e+00 8.599758148193359375e-04
4.359204779090473991e+00 8.471012115478515625e-04
4.356414340351023817e+00 8.399486541748046875e-04
4.353625685180622540e+00 8.368492126464843750e-04
4.350838819873290575e+00 8.339881896972656250e-04
4.348053750703378739e+00 9.729862213134765625e-04
4.345270483925546934e+00 1.527070999145507812e-03
4.342489025774678879e+00 1.645088195800781250e-03
4.339709382465850140e+00 1.572847366333007812e-03
4.336931560194256186e+00 1.643896102905273438e-03
4.334155565135178634e+00 1.836776733398437500e-03
4.331381403443939959e+00 1.086950302124023438e-03
4.328609081255844870e+00 9.200572967529296875e-04
4.325838604686151001e+00 1.067876815795898438e-03
4.323069979830024501e+00 9.992122650146484375e-04
4.320303212762506284e+00 9.768009185791015625e-04
4.317538309538456076e+00 9.248256683349609375e-04
4.314775276192541753e+00 1.049041748046875000e-03
4.312014118739197599e+00 9.748935699462890625e-04
4.309254843172587890e+00 8.940696716308593750e-04
4.306497455466564261e+00 1.020193099975585938e-03
4.303741961574669261e+00 9.598731994628906250e-04
4.300988367430066184e+00 8.609294891357421875e-04
4.298236678945547062e+00 8.330345153808593750e-04
4.295486902013477604e+00 8.280277252197265625e-04
4.292739042505791858e+00 8.192062377929687500e-04
4.289993106273958468e+00 8.149147033691406250e-04
4.287249099148956688e+00 8.120536804199218750e-04
4.284507026941246188e+00 8.599758148193359375e-04
4.281766895440758169e+00 8.277893066406250000e-04
4.279028710416866943e+00 8.242130279541015625e-04
4.276292477618367727e+00 8.230209350585937500e-04
4.273558202773443782e+00 8.180141448974609375e-04
4.270825891589678847e+00 8.482933044433593750e-04
4.268095549754007401e+00 9.031295776367187500e-04
4.265367182932690682e+00 8.480548858642578125e-04
4.262640796771331786e+00 9.138584136962890625e-04
4.259916396894828594e+00 1.059055328369140625e-03
4.257193988907369331e+00 1.145839691162109375e-03
4.254473578392397037e+00 9.369850158691406250e-04
4.251755170912619342e+00 8.630752563476562500e-04
4.249038772009971154e+00 9.028911590576171875e-04
4.246324387205608453e+00 8.349418640136718750e-04
4.243612021999888739e+00 8.230209350585937500e-04
4.240901681872348838e+00 8.149147033691406250e-04
4.238193372281693350e+00 8.921623229980468750e-04
4.235487098665797312e+00 8.251667022705078125e-04
4.232782866441658243e+00 8.208751678466796875e-04
4.230080681005402354e+00 1.134872436523437500e-03
4.227380547732270344e+00 2.166032791137695312e-03
4.224682471976592524e+00 1.885890960693359375e-03
4.221986459071791487e+00 1.590967178344726562e-03
4.219292514330343025e+00 1.577854156494140625e-03
4.216600643043782348e+00 1.404047012329101562e-03
4.213910850482690762e+00 8.430480957031250000e-04
4.211223141896672573e+00 8.273124694824218750e-04
4.208537522514344431e+00 8.118152618408203125e-04
4.205853997543329115e+00 8.921623229980468750e-04
4.203172572170237764e+00 8.947849273681640625e-04
4.200493251560653896e+00 8.301734924316406250e-04
4.197816040859133402e+00 8.220672607421875000e-04
4.195140945189169912e+00 8.180141448974609375e-04
4.192467969653216997e+00 8.199214935302734375e-04
4.189797119332643760e+00 8.180141448974609375e-04
4.187128399287739278e+00 8.189678192138671875e-04
4.184461814557702830e+00 9.548664093017578125e-04
4.181797370160620808e+00 8.249282836914062500e-04
4.179135071093475595e+00 8.578300476074218750e-04
4.176474922332115369e+00 8.172988891601562500e-04
4.173816928831242556e+00 8.118152618408203125e-04
4.171161095524433371e+00 8.661746978759765625e-04
4.168507427324088965e+00 8.687973022460937500e-04
4.165855929121452306e+00 8.389949798583984375e-04
4.163206605786582415e+00 8.308887481689453125e-04
4.160559462168359701e+00 8.270740509033203125e-04
4.157914503094461089e+00 8.308887481689453125e-04
4.155271733371356468e+00 8.261203765869140625e-04
4.152631157784315796e+00 8.141994476318359375e-04
4.149992781097369132e+00 8.740425109863281250e-04
4.147356608053326177e+00 8.640289306640625000e-04
4.144722643373747850e+00 8.368492126464843750e-04
4.142090891758956950e+00 8.280277252197265625e-04
4.139461357888010618e+00 8.871555328369140625e-04
4.136834046418708333e+00 9.310245513916015625e-04
4.134208961987573261e+00 8.230209350585937500e-04
4.131586109209858471e+00 8.189678192138671875e-04
4.128965492679525617e+00 8.168220520019531250e-04
4.126347116969240503e+00 8.158683776855468750e-04
4.123730986630374851e+00 8.161067962646484375e-04
4.121117106192994761e+00 8.137226104736328125e-04
4.118505480165851829e+00 8.180141448974609375e-04
4.115896113036383142e+00 8.211135864257812500e-04
4.113289009270701513e+00 8.099079132080078125e-04
4.110684173313581269e+00 8.518695831298828125e-04
4.108081609588483119e+00 9.620189666748046875e-04
4.105481322497505303e+00 9.779930114746093750e-04
4.102883316421418236e+00 1.462936401367187500e-03
4.100287595719634304e+00 1.494884490966796875e-03
4.097694164730222077e+00 1.078844070434570312e-03
4.095103027769884996e+00 8.361339569091796875e-04
4.092514189133966696e+00 1.281023025512695312e-03
4.089927653096453675e+00 8.409023284912109375e-04
4.087343423909951312e+00 9.529590606689453125e-04
4.084761505805706072e+00 8.282661437988281250e-04
4.082181902993585965e+00 8.258819580078125000e-04
4.079604619662084097e+00 9.322166442871093750e-04
4.077029659978313347e+00 8.330345153808593750e-04
4.074457028088007249e+00 9.021759033203125000e-04
4.071886728115517329e+00 9.381771087646484375e-04
4.069318764163809554e+00 8.683204650878906250e-04
4.066753140314466108e+00 8.378028869628906250e-04
4.064189860627680950e+00 8.292198181152343750e-04
4.061628929142267808e+00 8.182525634765625000e-04
4.059070349875641526e+00 8.158683776855468750e-04
4.056514126823842936e+00 8.158683776855468750e-04
4.053960263961513988e+00 8.208751678466796875e-04
4.051408765241911958e+00 8.208751678466796875e-04
4.048859634596915669e+00 9.071826934814453125e-04
4.046312875937010389e+00 9.548664093017578125e-04
4.043768493151297605e+00 1.004934310913085938e-03
4.041226490107500346e+00 8.859634399414062500e-04
4.038686870651955196e+00 8.420944213867187500e-04
4.036149638609620283e+00 8.258819580078125000e-04
4.033614797784080608e+00 8.161067962646484375e-04
4.031082351957542720e+00 8.091926574707031250e-04
4.028552304890847147e+00 9.078979492187500000e-04
4.026024660323455073e+00 1.042127609252929688e-03
4.023499421973479429e+00 1.078844070434570312e-03
4.020976593537655575e+00 9.253025054931640625e-04
4.018456178691368841e+00 1.184225082397460938e-03
4.015938181088654524e+00 8.630752563476562500e-04
4.013422604362190782e+00 8.299350738525390625e-04
4.010909452123318175e+00 8.139610290527343750e-04
4.008398727962040553e+00 8.111000061035156250e-04
4.005890435447025055e+00 8.101463317871093750e-04
4.003384578125610993e+00 8.127689361572265625e-04
4.000881159523816066e+00 8.192062377929687500e-04
3.998380183146343914e+00 8.161067962646484375e-04
3.995881652476589885e+00 8.149147033691406250e-04
3.993385570976647703e+00 8.141994476318359375e-04
3.990891942087317013e+00 8.139610290527343750e-04
3.988400769228105158e+00 9.887218475341796875e-04
3.985912055797245834e+00 9.920597076416015625e-04
3.983425805171699974e+00 1.458883285522460938e-03
3.980942020707163298e+00 1.661777496337890625e-03
3.978460705738079195e+00 1.672983169555664062e-03
3.975981863577640940e+00 1.589775085449218750e-03
3.973505497517810792e+00 1.589059829711914062e-03
3.971031610829320879e+00 1.009941101074218750e-03
3.968560206761684306e+00 9.782314300537109375e-04
3.966091288543210691e+00 8.492469787597656250e-04
3.963624859381006171e+00 8.287429809570312500e-04
3.961160922461002709e+00 8.268356323242187500e-04
3.958699480947943439e+00 8.351802825927734375e-04
3.956240537985411976e+00 8.239746093750000000e-04
3.953784096695843520e+00 8.161067962646484375e-04
3.951330160180519080e+00 8.170604705810546875e-04
3.948878731519608554e+00 8.139610290527343750e-04
3.946429813772153850e+00 9.448528289794921875e-04
3.943983409976089316e+00 9.732246398925781250e-04
3.941539523148272384e+00 9.572505950927734375e-04
3.939098156284467578e+00 8.707046508789062500e-04
3.936659312359382046e+00 8.287429809570312500e-04
3.934222994326673550e+00 8.199214935302734375e-04
3.931789205118956687e+00 8.187294006347656250e-04
3.929357947647831750e+00 8.139610290527343750e-04
3.926929224803887841e+00 8.146762847900390625e-04
3.924503039456716191e+00 8.139610290527343750e-04
3.922079394454945245e+00 1.293897628784179688e-03
3.919658292626221119e+00 1.055002212524414062e-03
3.917239736777256010e+00 1.266002655029296875e-03
3.914823729693831744e+00 9.789466857910156250e-04
3.912410274140817545e+00 1.204967498779296875e-03
3.909999372862179801e+00 1.490831375122070312e-03
3.907591028581005155e+00 1.349210739135742188e-03
3.905185243999518718e+00 1.482248306274414062e-03
3.902782021799105383e+00 8.921623229980468750e-04
3.900381364640310267e+00 8.249282836914062500e-04
3.897983275162884453e+00 8.141994476318359375e-04
3.895587755985769007e+00 8.127689361572265625e-04
3.893194809707143378e+00 8.101463317871093750e-04
3.890804438904433393e+00 8.070468902587890625e-04
3.888416646134324584e+00 8.068084716796875000e-04
3.886031433932791934e+00 8.120536804199218750e-04
3.883648804815107436e+00 1.260757446289062500e-03
3.881268761275873835e+00 1.196146011352539062e-03
3.878891305789032184e+00 1.481056213378906250e-03
3.876516440807892927e+00 1.241922378540039062e-03
3.874144168765156770e+00 8.378028869628906250e-04
3.871774492072916019e+00 1.168251037597656250e-03
3.869407413122698536e+00 9.229183197021484375e-04
3.867042934285492617e+00 8.699893951416015625e-04
3.864681057911734996e+00 8.912086486816406250e-04
3.862321786331373019e+00 1.005649566650390625e-03
3.859965121853869086e+00 8.931159973144531250e-04
3.857611066768211305e+00 8.749961853027343750e-04
3.855259623342957909e+00 8.530616760253906250e-04
3.852910793826256786e+00 8.409023284912109375e-04
3.850564580445852148e+00 8.380413055419921875e-04
3.848220985409126271e+00 8.401870727539062500e-04
3.845880010903111934e+00 8.668899536132812500e-04
3.843541659094526164e+00 9.179115295410156250e-04
3.841205932129792444e+00 8.881092071533203125e-04
3.838872832135053148e+00 8.943080902099609375e-04
3.836542361216210395e+00 9.081363677978515625e-04
3.834214521458950475e+00 8.831024169921875000e-04
3.831889314928751400e+00 8.440017700195312500e-04
3.829566743670930862e+00 8.471012115478515625e-04
3.827246809710660003e+00 8.430480957031250000e-04
3.824929515052994944e+00 8.540153503417968750e-04
3.822614861682891441e+00 9.243488311767578125e-04
3.820302851565251956e+00 1.046895980834960938e-03
3.817993486644934986e+00 1.187086105346679688e-03
3.815686768846787480e+00 1.031875610351562500e-03
3.813382700075676812e+00 1.016855239868164062e-03
3.811081282216520094e+00 1.391172409057617188e-03
3.808782517134294832e+00 1.287221908569335938e-03
3.806486406674090883e+00 1.215934753417968750e-03
3.804192952661117122e+00 1.342058181762695312e-03
3.801902156900750729e+00 8.969306945800781250e-04
3.799614021178546519e+00 9.448528289794921875e-04
3.797328547260285347e+00 9.081363677978515625e-04
3.795045736891983434e+00 9.329319000244140625e-04
3.792765591799942104e+00 9.121894836425781250e-04
3.790488113690755334e+00 9.319782257080078125e-04
3.788213304251363489e+00 1.292943954467773438e-03
3.785941165149064425e+00 1.161098480224609375e-03
3.783671698031556119e+00 1.782894134521484375e-03
3.781404904526961985e+00 1.507997512817382812e-03
3.779140786243863737e+00 1.636028289794921875e-03
3.776879344771329805e+00 1.061677932739257812e-03
3.774620581678947318e+00 1.080989837646484375e-03
3.772364498516859399e+00 9.589195251464843750e-04
3.770111096815793150e+00 8.740425109863281250e-04
3.767860378087087625e+00 9.331703186035156250e-04
3.765612343822726693e+00 8.900165557861328125e-04
3.763366995495390999e+00 1.153945922851562500e-03
3.761124334558452187e+00 9.229183197021484375e-04
3.758884362446043514e+00 8.950233459472656250e-04
3.756647080573078501e+00 9.369850158691406250e-04
3.754412490335270025e+00 8.890628814697265625e-04
3.752180593109192053e+00 9.601116180419921875e-04
3.749951390252291183e+00 9.489059448242187500e-04
3.747724883102931503e+00 9.069442749023437500e-04
3.745501072980420787e+00 9.169578552246093750e-04
3.743279961185055793e+00 9.021759033203125000e-04
3.741061548998149355e+00 9.329319000244140625e-04
3.738845837682063245e+00 8.969306945800781250e-04
3.736632828480251245e+00 9.198188781738281250e-04
3.734422522617286688e+00 9.160041809082031250e-04
3.732214921298903310e+00 8.809566497802734375e-04
3.730010025712029886e+00 8.590221405029296875e-04
3.727807837024819104e+00 8.440017700195312500e-04
3.725608356386694187e+00 8.659362792968750000e-04
3.723411584928381313e+00 8.492469787597656250e-04
3.721217523761941148e+00 8.540153503417968750e-04
3.719026173980811478e+00 8.401870727539062500e-04
3.716837536659840513e+00 8.318424224853515625e-04
3.714651612855329521e+00 8.380413055419921875e-04
3.712468403605057699e+00 8.337497711181640625e-04
3.710287909928337235e+00 8.361339569091796875e-04
3.708110132826032856e+00 9.238719940185546875e-04
3.705935073280612446e+00 8.959770202636718750e-04
3.703762732256179468e+00 8.709430694580078125e-04
3.701593110698509825e+00 9.300708770751953125e-04
3.699426209535097598e+00 8.919239044189453125e-04
3.697262029675185246e+00 9.279251098632812500e-04
3.695100572009801798e+00 1.382827758789062500e-03
3.692941837411805484e+00 1.168727874755859375e-03
3.690785826735930808e+00 1.481056213378906250e-03
3.688632540818812089e+00 1.456260681152343750e-03
3.686481980479026976e+00 1.443147659301757812e-03
3.684334146517143527e+00 9.019374847412109375e-04
3.682189039715756618e+00 8.480548858642578125e-04
3.680046660839520811e+00 8.389949798583984375e-04
3.677907010635201868e+00 9.469985961914062500e-04
3.675770089831703835e+00 1.469850540161132812e-03
3.673635899140120564e+00 8.809566497802734375e-04
3.671504439253775676e+00 9.088516235351562500e-04
3.669375710848251426e+00 8.661746978759765625e-04
3.667249714581441999e+00 9.000301361083984375e-04
3.665126451093589477e+00 8.587837219238281250e-04
3.663005921007324694e+00 9.121894836425781250e-04
3.660888124927708986e+00 8.621215820312500000e-04
3.658773063442276374e+00 8.950233459472656250e-04
3.656660737121078864e+00 8.749961853027343750e-04
3.654551146516712645e+00 9.138584136962890625e-04
3.652444292164381157e+00 8.671283721923828125e-04
3.650340174581926167e+00 8.890628814697265625e-04
3.648238794269863305e+00 8.959770202636718750e-04
3.646140151711442901e+00 1.183986663818359375e-03
3.644044247372673517e+00 1.024007797241210938e-03
3.641951081702371251e+00 8.327960968017578125e-04
3.639860655132209910e+00 8.211135864257812500e-04
3.637772968076753433e+00 8.099079132080078125e-04
3.635688020933503850e+00 8.690357208251953125e-04
3.633605814082942143e+00 8.201599121093750000e-04
3.631526347888573536e+00 8.137226104736328125e-04
3.629449622696975908e+00 8.192062377929687500e-04
3.627375638837825989e+00 8.201599121093750000e-04
3.625304396623960201e+00 8.141994476318359375e-04
3.623235896351418628e+00 8.089542388916015625e-04
3.621170138299472985e+00 8.051395416259765625e-04
3.619107122730692350e+00 8.037090301513671875e-04
3.617046849890967142e+00 7.979869842529296875e-04
3.614989320009555751e+00 8.029937744140625000e-04
3.612934533299149820e+00 8.740425109863281250e-04
3.610882489955898667e+00 8.697509765625000000e-04
3.608833190159455473e+00 8.680820465087890625e-04
3.606786634073028353e+00 1.169204711914062500e-03
3.604742821843425205e+00 1.296997070312500000e-03
3.602701753601091905e+00 1.356840133666992188e-03
3.600663429460165155e+00 8.399486541748046875e-04
3.598627849518511113e+00 8.082389831542968750e-04
3.596595013857777801e+00 7.989406585693359375e-04
3.594564922543431518e+00 8.058547973632812500e-04
3.592537575624807911e+00 1.134872436523437500e-03
3.590512973135164820e+00 8.401870727539062500e-04
3.588491115091711148e+00 8.201599121093750000e-04
3.586472001495667694e+00 8.213520050048828125e-04
3.584455632332298247e+00 8.091926574707031250e-04
3.582442007570978859e+00 8.103847503662109375e-04
3.580431127165216054e+00 8.111000061035156250e-04
3.578422991052716995e+00 8.518695831298828125e-04
3.576417599155417015e+00 8.628368377685546875e-04
3.574414951379540462e+00 8.409023284912109375e-04
3.572415047615638883e+00 8.392333984375000000e-04
3.570417887738636775e+00 8.201599121093750000e-04
3.568423471607893305e+00 8.227825164794921875e-04
3.566431799067221409e+00 8.182525634765625000e-04
3.564442869944961956e+00 8.189678192138671875e-04
3.562456684054012612e+00 8.101463317871093750e-04
3.560473241191888238e+00 8.080005645751953125e-04
3.558492541140755527e+00 8.068084716796875000e-04
3.556514583667486740e+00 8.471012115478515625e-04
3.554539368523708553e+00 8.649826049804687500e-04
3.552566895445848250e+00 8.630752563476562500e-04
3.550597164155174568e+00 8.549690246582031250e-04
3.548630174357855882e+00 8.177757263183593750e-04
3.546665925745003722e+00 8.239746093750000000e-04
3.544704417992709633e+00 8.218288421630859375e-04
3.542745650762116227e+00 8.230209350585937500e-04
3.540789623699440281e+00 8.170604705810546875e-04
3.538836336436037566e+00 8.208751678466796875e-04
3.536885788588441937e+00 8.251667022705078125e-04
3.534937979758419946e+00 8.149147033691406250e-04
3.532992909533013481e+00 8.959770202636718750e-04
3.531050577484588171e+00 1.056194305419921875e-03
3.529110983170885785e+00 8.902549743652343750e-04
3.527174126135065091e+00 8.592605590820312500e-04
3.525240005905765361e+00 8.568763732910156250e-04
3.523308621997132128e+00 8.320808410644531250e-04
3.521379973908884242e+00 8.311271667480468750e-04
3.519454061126357836e+00 8.239746093750000000e-04
3.517530883120543628e+00 8.628368377685546875e-04
3.515610439348155758e+00 9.009838104248046875e-04
3.513692729251669977e+00 9.572505950927734375e-04
3.511777752259363616e+00 9.510517120361328125e-04
3.509865507785372873e+00 1.423120498657226562e-03
3.507955995229754542e+00 1.542806625366210938e-03
3.506049213978506884e+00 1.647949218750000000e-03
3.504145163403638019e+00 1.532793045043945312e-03
3.502243842863214329e+00 1.525163650512695312e-03
3.500345251701404869e+00 1.008987426757812500e-03
3.498449389248526220e+00 8.151531219482421875e-04
3.496556254821098886e+00 8.137226104736328125e-04
3.494665847721895702e+00 8.199214935302734375e-04
3.492778167239986686e+00 8.130073547363281250e-04
3.490893212650791444e+00 8.141994476318359375e-04
3.489010983216129791e+00 9.150505065917968750e-04
3.487131478184264832e+00 8.900165557861328125e-04
3.485254696789957585e+00 9.028911590576171875e-04
3.483380638254512274e+00 8.592605590820312500e-04
3.481509301785842503e+00 8.981227874755859375e-04
3.479640686578489905e+00 8.833408355712890625e-04
3.477774791813693422e+00 8.943080902099609375e-04
3.475911616659439929e+00 8.652210235595703125e-04
3.474051160270509975e+00 9.148120880126953125e-04
3.472193421788519085e+00 8.640289306640625000e-04
3.470338400341985263e+00 9.210109710693359375e-04
3.468486095046360962e+00 8.668899536132812500e-04
3.466636505004088153e+00 9.071826934814453125e-04
3.464789629304656060e+00 8.940696716308593750e-04
3.462945467024639346e+00 8.709430694580078125e-04
3.461104017227750518e+00 9.081363677978515625e-04
3.459265278964899881e+00 8.749961853027343750e-04
3.457429251274227511e+00 8.928775787353515625e-04
3.455595933181167201e+00 8.590221405029296875e-04
3.453765323698491763e+00 9.000301361083984375e-04
3.451937421826358765e+00 8.709430694580078125e-04
3.450112226552364270e+00 9.131431579589843750e-04
3.448289736851596121e+00 8.711814880371093750e-04
3.446469951686670363e+00 8.420944213867187500e-04
3.444652870007798739e+00 9.198188781738281250e-04
3.442838490752826885e+00 8.392333984375000000e-04
3.441026812847281846e+00 8.301734924316406250e-04
3.439217835204433360e+00 8.192062377929687500e-04
3.437411556725334272e+00 8.139610290527343750e-04
3.435607976298872046e+00 8.199214935302734375e-04
3.433807092801821170e+00 8.149147033691406250e-04
3.432008905098885343e+00 8.099079132080078125e-04
3.430213412042761867e+00 8.320808410644531250e-04
3.428420612474173623e+00 9.198188781738281250e-04
3.426630505221934353e+00 9.541511535644531250e-04
3.424843089102986404e+00 1.425027847290039062e-03
3.423058362922456244e+00 1.832962036132812500e-03
3.421276325473708635e+00 1.739740371704101562e-03
3.419496975538386163e+00 1.594066619873046875e-03
3.417720311886459417e+00 1.593828201293945312e-03
3.415946333276294045e+00 9.679794311523437500e-04
3.414175038454675182e+00 8.580684661865234375e-04
3.412406426156874062e+00 8.668899536132812500e-04
3.410640495106690206e+00 9.551048278808593750e-04
3.408877244016513597e+00 1.003026962280273438e-03
3.407116671587347323e+00 1.808166503906250000e-03
3.405358776508887964e+00 1.261949539184570312e-03
3.403603557459554452e+00 1.326799392700195312e-03
3.401851013106550248e+00 1.572132110595703125e-03
3.400101142105903307e+00 1.206874847412109375e-03
3.398353943102517150e+00 1.002073287963867188e-03
3.396609414730221932e+00 9.880065917968750000e-04
3.394867555611832177e+00 8.628368377685546875e-04
3.393128364359180082e+00 1.013994216918945312e-03
3.391391839573181244e+00 1.282215118408203125e-03
3.389657979843863522e+00 8.933544158935546875e-04
3.387926783750443871e+00 1.011848449707031250e-03
3.386198249861350984e+00 1.243114471435546875e-03
3.384472376734291466e+00 8.721351623535156250e-04
3.382749162916294683e+00 8.831024169921875000e-04
3.381028606943754511e+00 8.871555328369140625e-04
3.379310707342495945e+00 1.065015792846679688e-03
3.377595462627798195e+00 1.098155975341796875e-03
3.375882871304476396e+00 9.181499481201171875e-04
3.374172931866901592e+00 8.730888366699218750e-04
3.372465642799061136e+00 9.031295776367187500e-04
3.370761002574615528e+00 8.602142333984375000e-04
3.369059009656933057e+00 8.988380432128906250e-04
3.367359662499147088e+00 9.033679962158203125e-04
3.365662959544205801e+00 8.549690246582031250e-04
3.363968899224917042e+00 1.013040542602539062e-03
3.362277479963991400e+00 1.054048538208007812e-03
3.360588700174113264e+00 8.800029754638671875e-04
3.358902558257960358e+00 1.286268234252929688e-03
3.357219052608272580e+00 1.135110855102539062e-03
3.355538181607898629e+00 1.682043075561523438e-03
3.353859943629828422e+00 1.540899276733398438e-03
3.352184337037263706e+00 1.584053039550781250e-03
3.350511360183653586e+00 1.457929611206054688e-03
3.348841011412744262e+00 9.119510650634765625e-04
3.347173289058630541e+00 8.728504180908203125e-04
3.345508191445800250e+00 8.568763732910156250e-04
3.343845716889187525e+00 8.249282836914062500e-04
3.342185863694218106e+00 9.551048278808593750e-04
3.340528630156854639e+00 1.082897186279296875e-03
3.338874014563651293e+00 1.405954360961914062e-03
3.337222015191795510e+00 8.640289306640625000e-04
3.335572630309157294e+00 8.640289306640625000e-04
3.333925858174344281e+00 8.530616760253906250e-04
3.332281697036739487e+00 8.649826049804687500e-04
3.330640145136554597e+00 9.212493896484375000e-04
3.329001200704876595e+00 8.420944213867187500e-04
3.327364861963717058e+00 8.168220520019531250e-04
3.325731127126053899e+00 9.949207305908203125e-04
3.324099994395889102e+00 8.800029754638671875e-04
3.322471461968287798e+00 8.697509765625000000e-04
3.320845528029424898e+00 8.389949798583984375e-04
3.319222190756644153e+00 8.292198181152343750e-04
3.317601448318487467e+00 8.289813995361328125e-04
3.315983298874761065e+00 8.718967437744140625e-04
3.314367740576563914e+00 9.047985076904296875e-04
3.312754771566355672e+00 9.169578552246093750e-04
3.311144389977984215e+00 8.289813995361328125e-04
3.309536593936742044e+00 8.451938629150390625e-04
3.307931381559416906e+00 8.299350738525390625e-04
3.306328750954327766e+00 8.070468902587890625e-04
3.304728700221380766e+00 9.150505065917968750e-04
3.303131227452114960e+00 1.096963882446289062e-03
3.301536330729740953e+00 8.478164672851562500e-04
3.299944008129195083e+00 8.182525634765625000e-04
3.298354257717191818e+00 8.940696716308593750e-04
3.296767077552253955e+00 9.369850158691406250e-04
3.295182465684764139e+00 8.158683776855468750e-04
3.293600420157029252e+00 8.120536804199218750e-04
3.292020939003295066e+00 8.049011230468750000e-04
3.290444020249821300e+00 8.292198181152343750e-04
3.288869661914910036e+00 1.279115676879882812e-03
3.287297862008955907e+00 1.395225524902343750e-03
3.285728618534498491e+00 1.718997955322265625e-03
3.284161929486256515e+00 1.550912857055664062e-03
3.282597792851183360e+00 1.624107360839843750e-03
3.281036206608505701e+00 1.523971557617187500e-03
3.279477168729780345e+00 1.179933547973632812e-03
3.277920677178924436e+00 8.859634399414062500e-04
3.276366729912266074e+00 1.061916351318359375e-03
3.274815324878606493e+00 8.950233459472656250e-04
3.273266460019229829e+00 8.959770202636718750e-04
3.271720133267987052e+00 8.938312530517578125e-04
3.270176342551308846e+00 9.148120880126953125e-04
3.268635085788276662e+00 9.179115295410156250e-04
3.267096360890644924e+00 9.078979492187500000e-04
3.265560165762908085e+00 1.100063323974609375e-03
3.264026498302319723e+00 8.370876312255859375e-04
3.262495356398965374e+00 8.411407470703125000e-04
3.260966737935784732e+00 8.611679077148437500e-04
3.259440640788626720e+00 8.831024169921875000e-04
3.257917062826286791e+00 8.289813995361328125e-04
3.256396001910563776e+00 8.308887481689453125e-04
3.254877455896288740e+00 8.668899536132812500e-04
3.253361422631384059e+00 8.611679077148437500e-04
3.251847899956891386e+00 9.007453918457031250e-04
3.250336885707030277e+00 8.680820465087890625e-04
3.248828377709229276e+00 8.909702301025390625e-04
3.247322373784183647e+00 8.871555328369140625e-04
3.245818871745885126e+00 8.687973022460937500e-04
3.244317869401677878e+00 9.028911590576171875e-04
3.242819364552289585e+00 8.950233459472656250e-04
3.241323354991881178e+00 1.104116439819335938e-03
3.239829838508095694e+00 1.731872558593750000e-03
3.238338812882088469e+00 1.526117324829101562e-03
3.236850275888582207e+00 8.902549743652343750e-04
3.235364225295903839e+00 8.699893951416015625e-04
3.233880658866021829e+00 8.261203765869140625e-04
3.232399574354612337e+00 8.330345153808593750e-04
3.230920969511065000e+00 8.201599121093750000e-04
3.229444842078560640e+00 8.380413055419921875e-04
3.227971189794091700e+00 8.258819580078125000e-04
3.226500010388515971e+00 1.476049423217773438e-03
3.225031301586587240e+00 1.549243927001953125e-03
3.223565061107011687e+00 1.381874084472656250e-03
3.222101286662480302e+00 8.180141448974609375e-04
3.220639975959714185e+00 9.059906005859375000e-04
3.219181126699507622e+00 2.158164978027343750e-03
3.217724736576760947e+00 2.598285675048828125e-03
3.216270803280542268e+00 1.036882400512695312e-03
3.214819324494103459e+00 9.169578552246093750e-04
3.213370297894940553e+00 9.019374847412109375e-04
3.211923721154826161e+00 8.740425109863281250e-04
3.210479591939854771e+00 9.000301361083984375e-04
3.209037907910488041e+00 8.580684661865234375e-04
3.207598666721570346e+00 8.919239044189453125e-04
3.206161866022418927e+00 8.618831634521484375e-04
3.204727503456814119e+00 9.090900421142578125e-04
3.203295576663063304e+00 8.819103240966796875e-04
3.201866083274047980e+00 9.007453918457031250e-04
3.200439020917252630e+00 8.759498596191406250e-04
3.199014387214808242e+00 9.307861328125000000e-04
3.197592179783530497e+00 1.250028610229492188e-03
3.196172396234961965e+00 1.751899719238281250e-03
3.194755034175419617e+00 1.359701156616210938e-03
3.193340091206017473e+00 1.436948776245117188e-03
3.191927564922722560e+00 9.541511535644531250e-04
3.190517452916392216e+00 9.388923645019531250e-04
3.189109752772804729e+00 9.198188781738281250e-04
3.187704462072705969e+00 9.379386901855468750e-04
3.186301578391843137e+00 8.990764617919921875e-04
3.184901099301020277e+00 8.819103240966796875e-04
3.183503022366116486e+00 8.499622344970703125e-04
3.182107345148132538e+00 8.487701416015625000e-04
3.180714065203237073e+00 8.459091186523437500e-04
3.179323180082797240e+00 1.044988632202148438e-03
3.177934687333422659e+00 8.430480957031250000e-04
3.176548584496999617e+00 9.548664093017578125e-04
3.175164869110731036e+00 2.229213714599609375e-03
3.173783538707175111e+00 3.031969070434570312e-03
3.172404590814286607e+00 1.961946487426757812e-03
3.171028022955453274e+00 1.704216003417968750e-03
3.169653832649528713e+00 1.722812652587890625e-03
3.168282017410879892e+00 1.645803451538085938e-03
3.166912574749416454e+00 1.033067703247070312e-03
3.165545502170634684e+00 1.055955886840820312e-03
3.164180797175654369e+00 8.850097656250000000e-04
3.162818457261249883e+00 9.257793426513671875e-04
3.161458479919891928e+00 1.933097839355468750e-03
3.160100862639791952e+00 2.350807189941406250e-03
3.158745602904930116e+00 1.506090164184570312e-03
3.157392698195093050e+00 9.162425994873046875e-04
3.156042145985912928e+00 1.184701919555664062e-03
3.154693943748909657e+00 1.245021820068359375e-03
3.153348088951515749e+00 1.143932342529296875e-03
3.152004579057119837e+00 1.152038574218750000e-03
3.150663411525107982e+00 1.044988632202148438e-03
3.149324583810895195e+00 9.746551513671875000e-04
3.147988093365959195e+00 9.038448333740234375e-04
3.146653937637875487e+00 8.461475372314453125e-04
3.145322114070361330e+00 9.329319000244140625e-04
3.143992620103310376e+00 1.897096633911132812e-03
3.142665453172820644e+00 1.775026321411132812e-03
3.141340610711238046e+00 1.002550125122070312e-03
3.140018090147184804e+00 8.640289306640625000e-04
3.138697888905608302e+00 8.609294891357421875e-04
3.137380004407798850e+00 8.490085601806640625e-04
3.136064434071437201e+00 8.478164672851562500e-04
3.134751175310627858e+00 8.847713470458984375e-04
3.133440225535930157e+00 8.258819580078125000e-04
3.132131582154400018e+00 8.251667022705078125e-04
3.130825242569612588e+00 8.959770202636718750e-04
3.129521204181709759e+00 8.649826049804687500e-04
3.128219464387432591e+00 8.580684661865234375e-04
3.126920020580147952e+00 8.409023284912109375e-04
3.125622870149887156e+00 1.268148422241210938e-03
3.124328010483387708e+00 3.946065902709960938e-03
3.123035438964114174e+00 2.919912338256835938e-03
3.121745152972299486e+00 1.598834991455078125e-03
3.120457149884987569e+00 1.594781875610351562e-03
3.119171427076040004e+00 8.938312530517578125e-04
3.117887981916205309e+00 8.580684661865234375e-04
3.116606811773124708e+00 8.649826049804687500e-04
3.115327914011374322e+00 8.511543273925781250e-04
3.114051285992506024e+00 8.268356323242187500e-04
3.112776925075069201e+00 8.239746093750000000e-04
3.111504828614652940e+00 8.158683776855468750e-04
3.110234993963912675e+00 8.320808410644531250e-04
3.108967418472607047e+00 1.070976257324218750e-03
3.107702099487622771e+00 3.044128417968750000e-03
3.106439034353024375e+00 1.590728759765625000e-03
3.105178220410067080e+00 1.104116439819335938e-03
3.103919654997242095e+00 1.067161560058593750e-03
3.102663335450299709e+00 8.759498596191406250e-04
3.101409259102295923e+00 8.540153503417968750e-04
3.100157423283607105e+00 8.540153503417968750e-04
3.098907825321974396e+00 8.490085601806640625e-04
3.097660462542523252e+00 8.430480957031250000e-04
3.096415332267814957e+00 9.999275207519531250e-04
3.095172431817857284e+00 1.208066940307617188e-03
3.093931758510150676e+00 8.599758148193359375e-04
3.092693309659707346e+00 8.411407470703125000e-04
3.091457082579093019e+00 1.389980316162109375e-03
3.090223074578458906e+00 2.984285354614257812e-03
3.088991282965556362e+00 1.105308532714843750e-03
3.087761705045790617e+00 8.611679077148437500e-04
3.086534338122232768e+00 8.499622344970703125e-04
3.085309179495664189e+00 8.449554443359375000e-04
3.084086226464591185e+00 8.540153503417968750e-04
3.082865476325297394e+00 9.531974792480468750e-04
3.081646926371852668e+00 8.668899536132812500e-04
3.080430573896156154e+00 2.876281738281250000e-03
3.079216416187963823e+00 1.929044723510742188e-03
3.078004450534908898e+00 5.237817764282226562e-03
3.076794674222556036e+00 1.781702041625976562e-03
3.075587084534396887e+00 2.207994461059570312e-03
3.074381678751912261e+00 1.456975936889648438e-03
3.073178454154580130e+00 1.517057418823242188e-03
3.071977408019912925e+00 8.420944213867187500e-04
3.070778537623491289e+00 8.749961853027343750e-04
3.069581840238978288e+00 8.540153503417968750e-04
3.068387313138170036e+00 8.420944213867187500e-04
3.067194953591001028e+00 8.971691131591796875e-04
3.066004758865592539e+00 1.739025115966796875e-03
3.064816726228278387e+00 2.127170562744140625e-03
