1.841636777206099121e+12 0.000000000000000000e+00
1.370960533159761963e+12 1.535892486572265625e-03
1.020070691800090210e+12 9.112358093261718750e-04
7.584389045005700684e+11 8.878707885742187500e-04
5.633218522831804199e+11 8.611679077148437500e-04
4.177816981651672974e+11 8.656978607177734375e-04
3.092123566037174683e+11 8.530616760253906250e-04
2.282420763040548706e+11 9.450912475585937500e-04
1.679143844692323303e+11 1.276969909667968750e-03
1.230723738718165436e+11 1.061916351318359375e-03
8.988930961803129578e+10 9.028911590576171875e-04
6.550592475357276917e+10 9.658336639404296875e-04
4.775348243502820587e+10 8.921623229980468750e-04
3.495605662990167999e+10 9.071826934814453125e-04
2.580543743932119751e+10 8.943080902099609375e-04
1.928902905012643814e+10 8.950233459472656250e-04
1.464268201429088974e+10 9.269714355468750000e-04
1.130804182160276222e+10 9.858608245849609375e-04
8.888861119893938065e+09 1.028776168823242188e-03
7.109682754490361214e+09 9.453296661376953125e-04
5.781100587773398399e+09 9.107589721679687500e-04
4.773195993029088020e+09 8.981227874755859375e-04
3.996499673560575962e+09 8.971691131591796875e-04
3.388880262245485783e+09 9.682178497314453125e-04
2.906708592647022724e+09 8.978843688964843750e-04
2.518957652930912495e+09 1.015901565551757812e-03
2.203265893449743271e+09 9.078979492187500000e-04
1.943298229121326208e+09 9.109973907470703125e-04
1.726962555039566517e+09 9.117126464843750000e-04
1.545192105159245729e+09 9.088516235351562500e-04
1.391104662716075420e+09 9.028911590576171875e-04
1.259415062637861490e+09 9.181499481201171875e-04
1.146019726822732449e+09 9.059906005859375000e-04
1.047699349056148887e+09 9.109973907470703125e-04
9.619036523429199457e+08 9.782314300537109375e-04
8.865938097210127115e+08 9.059906005859375000e-04
8.201258346840598583e+08 8.697509765625000000e-04
7.611633988784266710e+08 1.199007034301757812e-03
7.086120100370827913e+08 1.245021820068359375e-03
6.615688521549985409e+08 1.515150070190429688e-03
6.192842217114975452e+08 1.442193984985351562e-03
5.811316292961984873e+08 1.432895660400390625e-03
5.465844341527388096e+08 1.588106155395507812e-03
5.151974456369698048e+08 1.044988632202148438e-03
4.865923314321991801e+08 8.480548858642578125e-04
4.604459657676963210e+08 8.461475372314453125e-04
4.364810648557751179e+08 8.482933044433593750e-04
4.144586141128926277e+08 8.821487426757812500e-04
3.941717083761492968e+08 9.119510650634765625e-04
3.754405134655929804e+08 9.071826934814453125e-04
3.581081230211461186e+08 9.007453918457031250e-04
3.420371342457510829e+08 8.990764617919921875e-04
3.271068041128154397e+08 8.928775787353515625e-04
3.132106767253195047e+08 9.009838104248046875e-04
3.002545950263288617e+08 9.231567382812500000e-04
2.881550275635364056e+08 9.200572967529296875e-04
2.768376546969355345e+08 9.021759033203125000e-04
2.662361693999317288e+08 1.028776168823242188e-03
2.562912563103449047e+08 8.850097656250000000e-04
2.469497194455905557e+08 8.771419525146484375e-04
2.381637343915360272e+08 8.578300476074218750e-04
2.298902051021341383e+08 8.561611175537109375e-04
2.220902089339153171e+08 8.540153503417968750e-04
2.147285163614108860e+08 8.862018585205078125e-04
2.077731741128541827e+08 8.599758148193359375e-04
2.011951423368560374e+08 8.549690246582031250e-04
1.949679779435883164e+08 8.997917175292968750e-04
1.890675575244606137e+08 9.102821350097656250e-04
1.834718342943832278e+08 8.976459503173828125e-04
1.781606243621219397e+08 9.000301361083984375e-04
1.731154183500005305e+08 9.078979492187500000e-04
1.683192149809281528e+08 9.012222290039062500e-04
1.637563737497891188e+08 9.169578552246093750e-04
1.594124842148790658e+08 8.969306945800781250e-04
1.552742497973236740e+08 8.988380432128906250e-04
1.513293842736470103e+08 8.990764617919921875e-04
1.475665193981689811e+08 9.019374847412109375e-04
1.439751223052984178e+08 8.969306945800781250e-04
1.405454215233243704e+08 1.240015029907226562e-03
1.372683405861207545e+08 1.215934753417968750e-03
1.341354383615424484e+08 2.048730850219726562e-03
1.311388553287228644e+08 1.832962036132812500e-03
1.282712651339202672e+08 1.514196395874023438e-03
1.255258308384541869e+08 1.533985137939453125e-03
1.228961653446469009e+08 1.578092575073242188e-03
1.203762955482811630e+08 8.950233459472656250e-04
1.179606298203085363e+08 9.391307830810546875e-04
1.156439284676328152e+08 8.649826049804687500e-04
1.134212768637476861e+08 9.021759033203125000e-04
1.112880609757167995e+08 1.024961471557617188e-03
1.092399450451540947e+08 9.071826934814453125e-04
1.072728512081388384e+08 9.100437164306640625e-04
1.053829408629057854e+08 9.016990661621093750e-04
1.035665976151241213e+08 8.900165557861328125e-04
1.018204116490443796e+08 8.599758148193359375e-04
1.001411653890381753e+08 8.671283721923828125e-04
9.852582033039401472e+07 8.523464202880859375e-04
9.697150493090714514e+07 9.741783142089843750e-04
9.547550346601730585e+07 9.038448333740234375e-04
9.403524576017379761e+07 9.880065917968750000e-04
9.264829771594324708e+07 1.087427139282226562e-03
9.131235257020637393e+07 1.246929168701171875e-03
9.002522281377312541e+07 1.018047332763671875e-03
8.878483271696136892e+07 1.028776168823242188e-03
8.758921140924143791e+07 9.872913360595703125e-04
8.643648646600565314e+07 9.720325469970703125e-04
8.532487795995946229e+07 9.551048278808593750e-04
8.425269293861468136e+07 1.080751419067382812e-03
8.321832029292418063e+07 1.005172729492187500e-03
8.222022598530592024e+07 9.069442749023437500e-04
8.125694860818222165e+07 8.959770202636718750e-04
8.032709524675491452e+07 8.909702301025390625e-04
7.942933762207008898e+07 8.769035339355468750e-04
7.856240849253511429e+07 8.611679077148437500e-04
7.772509829395717382e+07 8.587837219238281250e-04
7.691625199988444149e+07 8.459091186523437500e-04
7.613476618559841812e+07 8.540153503417968750e-04
7.537958628050938249e+07 8.578300476074218750e-04
7.464970399498553574e+07 1.037120819091796875e-03
7.394415490881457925e+07 8.621215820312500000e-04
7.326201620954017341e+07 8.618831634521484375e-04
7.260240456988286972e+07 2.167701721191406250e-03
7.196447415432448685e+07 1.617193222045898438e-03
7.134741474572968483e+07 2.403020858764648438e-03
7.075044998360520601e+07 8.440017700195312500e-04
7.017283570625382662e+07 1.142024993896484375e-03
6.961385838969306648e+07 1.075267791748046875e-03
6.907283367674702406e+07 8.621215820312500000e-04
6.854910499024145305e+07 8.268356323242187500e-04
6.804204222467871010e+07 8.308887481689453125e-04
6.755104051120354235e+07 8.268356323242187500e-04
6.707551905105479062e+07 8.189678192138671875e-04
6.661492001305157691e+07 8.733272552490234375e-04
6.616870749099846184e+07 9.672641754150390625e-04
6.573636651718375087e+07 8.649826049804687500e-04
6.531740212842956930e+07 1.091957092285156250e-03
6.491133848140335828e+07 8.649826049804687500e-04
6.451771801413479447e+07 8.368492126464843750e-04
6.413610065089850128e+07 8.959770202636718750e-04
6.376606304782219231e+07 9.109973907470703125e-04
6.340719787676097453e+07 1.052856445312500000e-03
6.305911314515121281e+07 9.388923645019531250e-04
6.272143154971344024e+07 1.012086868286132812e-03
6.239378986201251298e+07 1.182317733764648438e-03
6.207583834402804822e+07 1.438379287719726562e-03
6.176724019200115651e+07 1.780986785888671875e-03
6.146767100694333762e+07 1.519918441772460938e-03
6.117681829030104727e+07 1.141071319580078125e-03
6.089438096336188167e+07 8.912086486816406250e-04
6.062006890908556432e+07 8.788108825683593750e-04
6.035360253512563556e+07 1.005172729492187500e-03
6.009471235688365996e+07 1.312732696533203125e-03
5.984313859951515496e+07 1.677036285400390625e-03
5.959863081787154824e+07 1.039981842041015625e-03
5.936094753342542052e+07 1.090764999389648438e-03
5.912985588728741556e+07 1.531124114990234375e-03
5.890513130847505480e+07 1.827001571655273438e-03
5.868655719664651155e+07 2.226829528808593750e-03
5.847392461855875701e+07 9.388923645019531250e-04
5.826703201755336672e+07 8.430480957031250000e-04
5.806568493541739136e+07 8.337497711181640625e-04
5.786969574599990249e+07 8.440017700195312500e-04
5.767888340000785887e+07 8.571147918701171875e-04
5.749307318042880297e+07 1.513004302978515625e-03
5.731209646807079762e+07 1.548051834106445312e-03
5.713579051673035324e+07 9.253025054931640625e-04
5.696399823752873391e+07 8.790493011474609375e-04
5.679656799198597670e+07 8.571147918701171875e-04
5.663335339342213422e+07 1.065254211425781250e-03
5.647421311629852653e+07 1.291990280151367188e-03
5.631901071904595941e+07 2.624750137329101562e-03
5.616761445110579580e+07 2.217292785644531250e-03
5.601989709961123019e+07 9.529590606689453125e-04
5.587573582344280928e+07 1.040697097778320312e-03
5.573501199631474912e+07 1.719951629638671875e-03
5.559761105673681200e+07 1.027822494506835938e-03
5.546342236373016238e+07 9.102821350097656250e-04
5.533233905805131793e+07 1.098871231079101562e-03
5.520425792868534476e+07 1.164913177490234375e-03
5.507907928438271582e+07 1.318931579589843750e-03
5.495670683002357185e+07 9.908676147460937500e-04
5.483704754761072248e+07 1.852989196777343750e-03
5.472001158169259131e+07 1.936912536621093750e-03
5.460551212903416157e+07 1.720666885375976562e-03
5.449346533236277848e+07 2.258062362670898438e-03
5.438379017801669240e+07 1.121997833251953125e-03
5.427640839734346420e+07 2.017021179199218750e-03
5.417124437169199437e+07 2.190113067626953125e-03
5.406822504085651040e+07 4.837036132812500000e-03
5.396727981483449787e+07 2.583742141723632812e-03
5.386834048876623809e+07 5.128145217895507812e-03
5.377134116093052179e+07 2.090930938720703125e-03
5.367621815368008614e+07 1.960992813110351562e-03
5.358290993719679862e+07 1.454830169677734375e-03
5.349135705596236140e+07 2.575159072875976562e-03
5.340150205783805996e+07 1.034259796142578125e-03
5.331328942565342784e+07 1.296043395996093750e-03
5.322666551120885462e+07 9.417533874511718750e-04
5.314157847160135955e+07 1.038074493408203125e-03
5.305797820778381079e+07 1.461982727050781250e-03
5.297581630527701974e+07 2.268314361572265625e-03
5.289504597695239633e+07 1.049041748046875000e-03
5.281562200780703127e+07 1.075029373168945312e-03
5.273750070166172832e+07 1.030921936035156250e-03
5.266063982970669866e+07 9.279251098632812500e-04
5.258499858082976192e+07 1.108884811401367188e-03
5.251053751366235316e+07 9.548664093017578125e-04
5.243721851027795672e+07 1.399040222167968750e-03
5.236500473148776591e+07 1.229763031005859375e-03
5.229386057366973162e+07 1.062154769897460938e-03
5.222375162708421797e+07 1.346826553344726562e-03
5.215464463561378419e+07 1.776933670043945312e-03
5.208650745788333565e+07 1.371860504150390625e-03
5.201930902970847487e+07 1.031160354614257812e-03
5.195301932782541960e+07 1.000881195068359375e-03
5.188760933485642821e+07 9.527206420898437500e-04
5.182305100546929240e+07 1.198053359985351562e-03
5.175931723368637264e+07 1.006126403808593750e-03
5.169638182130486518e+07 8.599758148193359375e-04
5.163421944738779962e+07 1.063108444213867188e-03
5.157280563879078627e+07 1.430034637451171875e-03
5.151211674168495834e+07 2.087116241455078125e-03
5.145212989404450357e+07 2.250194549560546875e-03
5.139282299906492233e+07 2.321958541870117188e-03
5.133417469947770983e+07 1.523017883300781250e-03
5.127616435273377597e+07 1.585960388183593750e-03
5.121877200702310354e+07 9.748935699462890625e-04
5.116197837810276449e+07 1.200914382934570312e-03
5.110576482690522075e+07 1.422882080078125000e-03
5.105011333790226281e+07 1.361131668090820312e-03
5.099500649819473177e+07 1.060247421264648438e-03
5.094042747730728239e+07 9.567737579345703125e-04
5.088636000766129047e+07 1.612186431884765625e-03
5.083278836570541561e+07 1.605033874511718750e-03
5.077969735367748886e+07 1.026630401611328125e-03
5.072707228198119998e+07 1.146078109741210938e-03
5.067489895215303451e+07 1.696825027465820312e-03
5.062316364040122181e+07 1.499891281127929688e-03
5.057185308169624954e+07 1.039028167724609375e-03
5.052095445439522713e+07 9.281635284423828125e-04
5.047045536538198590e+07 8.828639984130859375e-04
5.042034383570499718e+07 1.101016998291015625e-03
5.037060828669584543e+07 1.117944717407226562e-03
5.032123752655410767e+07 9.129047393798828125e-04
5.027222073738081753e+07 8.871555328369140625e-04
5.022354746264571697e+07 1.057147979736328125e-03
5.017520759507554024e+07 1.610994338989257812e-03
5.012719136494628340e+07 1.063823699951171875e-03
5.007948932876896113e+07 1.062154769897460938e-03
5.003209235835302621e+07 1.136064529418945312e-03
4.998499163023585081e+07 1.519680023193359375e-03
4.993817861546742171e+07 1.454830169677734375e-03
4.989164506973510236e+07 1.121044158935546875e-03
4.984538302382003516e+07 1.503944396972656250e-03
4.979938477437283099e+07 1.641988754272460938e-03
4.975364287499739230e+07 1.291036605834960938e-03
4.970815012763417512e+07 1.445770263671875000e-03
4.966289957423061132e+07 1.502037048339843750e-03
4.961788448869154602e+07 2.309083938598632812e-03
4.957309836909826845e+07 1.362085342407226562e-03
4.952853493018794060e+07 1.489162445068359375e-03
4.948418809608545899e+07 3.010749816894531250e-03
4.944005199327799678e+07 1.400947570800781250e-03
4.939612094382458180e+07 1.137971878051757812e-03
4.935238945879428089e+07 1.013994216918945312e-03
4.930885223192198575e+07 1.198053359985351562e-03
4.926550413347893208e+07 1.038789749145507812e-03
4.922234020434625447e+07 9.059906005859375000e-04
4.917935565028837323e+07 8.790493011474609375e-04
4.913654583641898632e+07 9.300708770751953125e-04
4.909390628184960783e+07 1.454114913940429688e-03
4.905143265451986343e+07 1.255035400390625000e-03
4.900912076620062441e+07 1.477956771850585938e-03
4.896696656766325980e+07 1.420021057128906250e-03
4.892496614401233196e+07 1.573085784912109375e-03
4.888311571017336100e+07 1.267910003662109375e-03
4.884141160653334111e+07 9.729862213134765625e-04
4.879985029472546279e+07 1.039028167724609375e-03
4.875842835355691612e+07 1.002073287963867188e-03
4.871714247507213056e+07 1.077890396118164062e-03
4.867598946074885875e+07 9.279251098632812500e-04
4.863496621782084554e+07 8.373260498046875000e-04
4.859406975572412461e+07 8.292198181152343750e-04
4.855329718266350031e+07 8.349418640136718750e-04
4.851264570229264349e+07 1.186132431030273438e-03
4.847211261050732434e+07 1.468181610107421875e-03
4.843169529234428704e+07 2.437114715576171875e-03
4.839139121898593754e+07 1.971960067749023438e-03
4.835119794486442953e+07 3.539800643920898438e-03
4.831111310486332327e+07 2.452135086059570312e-03
4.827113441161379963e+07 9.200572967529296875e-04
4.823125965288064629e+07 1.097917556762695312e-03
4.819148668903621286e+07 1.090049743652343750e-03
4.815181345062005520e+07 1.005887985229492188e-03
4.811223793597954512e+07 1.429080963134765625e-03
4.807275820899083465e+07 1.139879226684570312e-03
4.803337239685432613e+07 1.059055328369140625e-03
4.799407868796667457e+07 1.068115234375000000e-03
4.795487532986319810e+07 1.834869384765625000e-03
4.791576062722881883e+07 1.599311828613281250e-03
4.787673293997752666e+07 1.439094543457031250e-03
4.783779068139387667e+07 1.006126403808593750e-03
4.779893231633973867e+07 9.250640869140625000e-04
4.776015635951949656e+07 1.184701919555664062e-03
4.772146137380421162e+07 1.125097274780273438e-03
4.768284596861217171e+07 1.061916351318359375e-03
4.764430879834368825e+07 1.001834869384765625e-03
4.760584856086884439e+07 9.908676147460937500e-04
4.756746399606567621e+07 1.437902450561523438e-03
4.752915388440797478e+07 1.260042190551757812e-03
4.749091704560025781e+07 1.683950424194335938e-03
4.745275233725926280e+07 1.891136169433593750e-03
4.741465865363882482e+07 1.296997070312500000e-03
4.737663492439857125e+07 1.318931579589843750e-03
4.733868011341368407e+07 9.541511535644531250e-04
4.730079321762457490e+07 8.888244628906250000e-04
4.726297326592586190e+07 9.839534759521484375e-04
4.722521931809201837e+07 1.137733459472656250e-03
4.718753046373929083e+07 1.035928726196289062e-03
4.714990582132368535e+07 1.939058303833007812e-03
4.711234453717117012e+07 1.386880874633789062e-03
4.707484578454114497e+07 1.975059509277343750e-03
4.703740876272191852e+07 2.424716949462890625e-03
4.700003269615596533e+07 1.852989196777343750e-03
4.696271683359477669e+07 2.153158187866210938e-03
4.692546044728282839e+07 1.886844635009765625e-03
4.688826283216842264e+07 1.060247421264648438e-03
4.685112330514070392e+07 1.014947891235351562e-03
4.681404120429310948e+07 9.458065032958984375e-04
4.677701588821200281e+07 1.088142395019531250e-03
4.674004673528836668e+07 1.015901565551757812e-03
4.670313314305248111e+07 1.295089721679687500e-03
4.666627452753255516e+07 9.510517120361328125e-04
4.662947032263357192e+07 1.336097717285156250e-03
4.659271997953689843e+07 1.093864440917968750e-03
4.655602296612184495e+07 1.701116561889648438e-03
4.651937876640471816e+07 1.597166061401367188e-03
4.648278687999825180e+07 1.811027526855468750e-03
4.644624682158812881e+07 1.393795013427734375e-03
4.640975812042781711e+07 1.131057739257812500e-03
4.637332031985119730e+07 1.055002212524414062e-03
4.633693297679924220e+07 8.368492126464843750e-04
4.630059566136544198e+07 8.239746093750000000e-04
4.626430795635428280e+07 8.487701416015625000e-04
4.622806945685636997e+07 8.301734924316406250e-04
4.619187976983666420e+07 1.294136047363281250e-03
4.615573851373683661e+07 1.008033752441406250e-03
4.611964531809185445e+07 1.374959945678710938e-03
4.608359982315843552e+07 1.102924346923828125e-03
4.604760167955628037e+07 1.775026321411132812e-03
4.601165054792191833e+07 1.968145370483398438e-03
4.597574609857375175e+07 1.980781555175781250e-03
4.593988801118876785e+07 2.650976181030273438e-03
4.590407597448938340e+07 8.389949798583984375e-04
4.586830968594186008e+07 8.132457733154296875e-04
4.583258885146376491e+07 8.230209350585937500e-04
4.579691318514295667e+07 7.989406585693359375e-04
4.576128240896429867e+07 9.620189666748046875e-04
4.572569625254605711e+07 1.018047332763671875e-03
4.569015445288612694e+07 9.410381317138671875e-04
4.565465675411552191e+07 2.058982849121093750e-03
4.561920290726125240e+07 3.062009811401367188e-03
4.558379267001655698e+07 2.182006835937500000e-03
4.554842580651877820e+07 1.513004302978515625e-03
4.551310208713542670e+07 1.284122467041015625e-03
4.547782128825671971e+07 1.475095748901367188e-03
4.544258319209533930e+07 1.060247421264648438e-03
4.540738758649319410e+07 9.541511535644531250e-04
4.537223426473490894e+07 1.358747482299804688e-03
4.533712302536615729e+07 9.031295776367187500e-04
4.530205367202011496e+07 9.291172027587890625e-04
4.526702601324870437e+07 1.116752624511718750e-03
4.523203986235909909e+07 1.010179519653320312e-03
4.519709503725666553e+07 9.689331054687500000e-04
4.516219136029282957e+07 1.780986785888671875e-03
4.512732865811794996e+07 1.737117767333984375e-03
4.509250676153916866e+07 1.478195190429687500e-03
4.505772550538332015e+07 1.167058944702148438e-03
4.502298472836426646e+07 9.949207305908203125e-04
4.498828427295447141e+07 1.143217086791992188e-03
4.495362398526110500e+07 1.296281814575195312e-03
4.491900371490702033e+07 1.260042190551757812e-03
4.488442331491413713e+07 1.986742019653320312e-03
4.484988264159225672e+07 1.889705657958984375e-03
4.481538155443087965e+07 2.485036849975585938e-03
4.478091991599511355e+07 1.584053039550781250e-03
4.474649759182423353e+07 2.241134643554687500e-03
4.471211445033488423e+07 3.961086273193359375e-03
4.467777036272623390e+07 2.197027206420898438e-03
4.464346520288990438e+07 1.799106597900390625e-03
4.460919884732064605e+07 1.032114028930664062e-03
4.457497117503284663e+07 1.322984695434570312e-03
4.454078206747736782e+07 1.162052154541015625e-03
4.450663140846256912e+07 1.405000686645507812e-03
4.447251908407773823e+07 1.933813095092773438e-03
4.443844498504631966e+07 1.464128494262695312e-03
4.440440899993594736e+07 9.076595306396484375e-04
4.437041102066948265e+07 1.048088073730468750e-03
4.433645094174283743e+07 1.147747039794921875e-03
4.430252865958631039e+07 1.159906387329101562e-03
4.426864407250198722e+07 9.138584136962890625e-04
4.423479708060355484e+07 9.379386901855468750e-04
4.420098758575796336e+07 8.809566497802734375e-04
4.416721549152872711e+07 9.789466857910156250e-04
4.413348070312221348e+07 9.160041809082031250e-04
4.409978312733401358e+07 1.456975936889648438e-03
4.406612267249898612e+07 2.193927764892578125e-03
4.403249924844146520e+07 4.378080368041992188e-03
4.399891276642788947e+07 1.297950744628906250e-03
4.396536313912139088e+07 1.214981079101562500e-03
4.393185028053656965e+07 1.549720764160156250e-03
4.389837410599727184e+07 1.094102859497070312e-03
4.386493453209497780e+07 9.448528289794921875e-04
4.383153147664838284e+07 1.625061035156250000e-03
4.379816485866521299e+07 1.594066619873046875e-03
4.376483459830464423e+07 1.935958862304687500e-03
4.373154061684126407e+07 1.655101776123046875e-03
4.369828283662960678e+07 5.285978317260742188e-03
4.366506118107088655e+07 1.912117004394531250e-03
4.363187557458039373e+07 1.584768295288085938e-03
4.359872594255574048e+07 8.828639984130859375e-04
4.356561221134623140e+07 9.641647338867187500e-04
4.353253430822382867e+07 8.833408355712890625e-04
4.349949216135422140e+07 1.024007797241210938e-03
4.346648569976970553e+07 1.107931137084960938e-03
4.343351485334231704e+07 1.051902770996093750e-03
4.340057955275841802e+07 1.792907714843750000e-03
4.336767972949311882e+07 1.668930053710937500e-03
4.333481531578730792e+07 1.044988632202148438e-03
4.330198624462365359e+07 9.360313415527343750e-04
4.326919244970461726e+07 9.939670562744140625e-04
4.323643386543038487e+07 1.149177551269531250e-03
4.320371042687822133e+07 9.169578552246093750e-04
4.317102206978196651e+07 8.692741394042968750e-04
4.313836873051218688e+07 8.819103240966796875e-04
4.310575034605873376e+07 9.269714355468750000e-04
4.307316685401034355e+07 1.055955886840820312e-03
4.304061819253824651e+07 1.344919204711914062e-03
4.300810430037855357e+07 1.183986663818359375e-03
4.297562511681614816e+07 1.057863235473632812e-03
4.294318058166889101e+07 1.358747482299804688e-03
4.291077063527114689e+07 1.630783081054687500e-03
4.287839521845967323e+07 1.324176788330078125e-03
4.284605427255926281e+07 1.023054122924804688e-03
4.281374773936837167e+07 9.601116180419921875e-04
4.278147556114566326e+07 1.047849655151367188e-03
4.274923768059731275e+07 1.130819320678710938e-03
4.271703404086439312e+07 9.520053863525390625e-04
4.268486458551009744e+07 1.424789428710937500e-03
4.265272925850871205e+07 1.048803329467773438e-03
4.262062800423370302e+07 1.485109329223632812e-03
4.258856076744689792e+07 1.486778259277343750e-03
4.255652749328807741e+07 1.672029495239257812e-03
4.252452812726400793e+07 1.501798629760742188e-03
4.249256261523932219e+07 2.115011215209960938e-03
4.246063090342637151e+07 2.701044082641601562e-03
4.242873293837626278e+07 1.150846481323242188e-03
4.239686866696915776e+07 9.622573852539062500e-04
4.236503803640679270e+07 9.410381317138671875e-04
4.233324099420273304e+07 1.135110855102539062e-03
4.230147748817524314e+07 1.172065734863281250e-03
4.226974746643897891e+07 1.194000244140625000e-03
4.223805087739747763e+07 1.065015792846679688e-03
4.220638766973575205e+07 8.420944213867187500e-04
4.217475779241341352e+07 8.277893066406250000e-04
4.214316119465728849e+07 8.249282836914062500e-04
4.211159782595548034e+07 8.192062377929687500e-04
4.208006763605025411e+07 8.759498596191406250e-04
4.204857057493238896e+07 8.890628814697265625e-04
4.201710659283478558e+07 8.649826049804687500e-04
4.198567564022697508e+07 8.678436279296875000e-04
4.195427766780890524e+07 9.100437164306640625e-04
4.192291262650632113e+07 8.618831634521484375e-04
4.189158046746457368e+07 8.380413055419921875e-04
4.186028114204449952e+07 8.201599121093750000e-04
4.182901460181695968e+07 8.208751678466796875e-04
4.179778079855791479e+07 8.149147033691406250e-04
4.176657968424425274e+07 8.261203765869140625e-04
4.173541121104903519e+07 8.771419525146484375e-04
4.170427533133758605e+07 9.212493896484375000e-04
4.167317199766270071e+07 9.050369262695312500e-04
4.164210116276124120e+07 9.589195251464843750e-04
4.161106277954956144e+07 9.109973907470703125e-04
4.158005680112037808e+07 1.113176345825195312e-03
4.154908318073891848e+07 1.054048538208007812e-03
4.151814187183914334e+07 1.286029815673828125e-03
4.148723282802050561e+07 2.531051635742187500e-03
4.145635600304441899e+07 2.361774444580078125e-03
4.142551135083182901e+07 1.146793365478515625e-03
4.139469882545918226e+07 1.546859741210937500e-03
4.136391838115585595e+07 1.446962356567382812e-03
4.133316997230113298e+07 1.184940338134765625e-03
4.130245355342181772e+07 9.558200836181640625e-04
4.127176907918842137e+07 1.096963882446289062e-03
4.124111650441404432e+07 1.477003097534179688e-03
4.121049578405071050e+07 1.655101776123046875e-03
4.117990687318712473e+07 9.970664978027343750e-04
4.114934972704674304e+07 2.376317977905273438e-03
4.111882430098476261e+07 1.628875732421875000e-03
4.108833055048646778e+07 1.201868057250976562e-03
4.105786843116465956e+07 8.850097656250000000e-04
4.102743789875786006e+07 8.797645568847656250e-04
4.099703890912787616e+07 9.419918060302734375e-04
4.096667141825850308e+07 1.164913177490234375e-03
4.093633538225328922e+07 8.311271667480468750e-04
4.090603075733306259e+07 8.211135864257812500e-04
4.087575749983510375e+07 8.068084716796875000e-04
4.084551556621094048e+07 1.055002212524414062e-03
4.081530491302464902e+07 1.263141632080078125e-03
4.078512549695157260e+07 1.130819320678710938e-03
4.075497727477607131e+07 1.246213912963867188e-03
4.072486020339075476e+07 1.499891281127929688e-03
4.069477423979444057e+07 1.187086105346679688e-03
4.066471934109111875e+07 9.977817535400390625e-04
4.063469546448831260e+07 1.003980636596679688e-03
4.060470256729596853e+07 8.850097656250000000e-04
4.057474060692468286e+07 1.132011413574218750e-03
4.054480954088494182e+07 8.430480957031250000e-04
4.051490932678549737e+07 8.201599121093750000e-04
4.048503992233268172e+07 8.058547973632812500e-04
4.045520128532861918e+07 7.963180541992187500e-04
4.042539337367077917e+07 8.080005645751953125e-04
4.039561614535027742e+07 8.049011230468750000e-04
4.036586955845099688e+07 1.487255096435546875e-03
4.033615357114920020e+07 1.482963562011718750e-03
4.030646814171131700e+07 2.394199371337890625e-03
4.027681322849417478e+07 1.911163330078125000e-03
4.024718878994319588e+07 3.840923309326171875e-03
4.021759478459225595e+07 1.607894897460937500e-03
4.018803117106197774e+07 9.589195251464843750e-04
4.015849790805946290e+07 1.095294952392578125e-03
4.012899495437743515e+07 8.661746978759765625e-04
4.009952226889305562e+07 8.189678192138671875e-04
4.007007981056775153e+07 8.151531219482421875e-04
4.004066753844574094e+07 1.006841659545898438e-03
4.001128541165376455e+07 1.020908355712890625e-03
3.998193338940016925e+07 1.267910003662109375e-03
3.995261143097452819e+07 1.126050949096679688e-03
3.992331949574659765e+07 1.814126968383789062e-03
3.989405754316583276e+07 1.545906066894531250e-03
3.986482553276075423e+07 9.689331054687500000e-04
3.983562342413819581e+07 9.298324584960937500e-04
3.980645117698284984e+07 8.618831634521484375e-04
3.977730875105623156e+07 1.044988632202148438e-03
3.974819610619724542e+07 9.510517120361328125e-04
3.971911320232047886e+07 8.208751678466796875e-04
3.969005999941591918e+07 8.449554443359375000e-04
3.966103645754878223e+07 8.211135864257812500e-04
3.963204253685874492e+07 8.158683776855468750e-04
3.960307819755971432e+07 8.187294006347656250e-04
3.957414339993853122e+07 1.007080078125000000e-03
3.954523810435567051e+07 1.045942306518554688e-03
3.951636227124398202e+07 1.168966293334960938e-03
3.948751586110841483e+07 1.107931137084960938e-03
3.945869883452583104e+07 1.073837280273437500e-03
3.942991115214408189e+07 1.391172409057617188e-03
3.940115277468205243e+07 9.977817535400390625e-04
3.937242366292914748e+07 1.328945159912109375e-03
3.934372377774454653e+07 1.055002212524414062e-03
3.931505308005745709e+07 1.039743423461914062e-03
3.928641153086606413e+07 1.042842864990234375e-03
3.925779909123785794e+07 2.041101455688476562e-03
3.922921572230868787e+07 1.182079315185546875e-03
3.920066138528271765e+07 8.418560028076171875e-04
3.917213604143177718e+07 1.203060150146484375e-03
3.914363965209552646e+07 1.456022262573242188e-03
3.911517217868082225e+07 1.883983612060546875e-03
3.908673358266125619e+07 1.443147659301757812e-03
3.905832382557718456e+07 2.254009246826171875e-03
3.902994286903537810e+07 1.833200454711914062e-03
3.900159067470802367e+07 1.465082168579101562e-03
3.897326720433393866e+07 1.243114471435546875e-03
3.894497241971651465e+07 1.271963119506835938e-03
3.891670628272471577e+07 1.703262329101562500e-03
3.888846875529249758e+07 1.767158508300781250e-03
3.886025979941799492e+07 1.570940017700195312e-03
3.883207937716413289e+07 1.394033432006835938e-03
3.880392745065767318e+07 1.513004302978515625e-03
3.877580398208936304e+07 2.296924591064453125e-03
3.874770893371351063e+07 1.405239105224609375e-03
3.871964226784764975e+07 1.280069351196289062e-03
3.869160394687269628e+07 9.260177612304687500e-04
3.866359393323224783e+07 1.182079315185546875e-03
3.863561218943257630e+07 1.225948333740234375e-03
3.860765867804263532e+07 8.938312530517578125e-04
3.857973336169323325e+07 9.028911590576171875e-04
3.855183620307748020e+07 8.850097656250000000e-04
3.852396716495001316e+07 1.017808914184570312e-03
3.849612621012742072e+07 1.532793045043945312e-03
3.846831330148750544e+07 2.201080322265625000e-03
3.844052840196920186e+07 2.198934555053710938e-03
3.841277147457258403e+07 5.654096603393554688e-03
3.838504248235829920e+07 1.127409934997558594e-02
3.835734138844788820e+07 4.954814910888671875e-03
3.832966815602308512e+07 1.899003982543945312e-03
3.830202274832598865e+07 2.091884613037109375e-03
3.827440512865877151e+07 1.570940017700195312e-03
3.824681526038344949e+07 1.031160354614257812e-03
3.821925310692171007e+07 1.186609268188476562e-03
3.819171863175505400e+07 1.784086227416992188e-03
3.816421179842384905e+07 1.607179641723632812e-03
3.813673257052813470e+07 2.908945083618164062e-03
3.810928091172670573e+07 1.861095428466796875e-03
3.808185678573736548e+07 1.177072525024414062e-03
3.805446015633654594e+07 1.369237899780273438e-03
3.802709098735913634e+07 1.978874206542968750e-03
3.799974924269890785e+07 2.176046371459960938e-03
3.797243488630727679e+07 1.195192337036132812e-03
3.794514788219410926e+07 1.550197601318359375e-03
3.791788819442707300e+07 1.018285751342773438e-03
3.789065578713177145e+07 1.901865005493164062e-03
3.786345062449125946e+07 3.242015838623046875e-03
3.783627267074622214e+07 2.863883972167968750e-03
3.780912189019475132e+07 5.365848541259765625e-03
3.778199824719199538e+07 4.147052764892578125e-03
3.775490170615031570e+07 1.590013504028320312e-03
3.772783223153894395e+07 1.739025115966796875e-03
3.770078978788407892e+07 1.646041870117187500e-03
3.767377433976826817e+07 3.115892410278320312e-03
3.764678585183091462e+07 1.389026641845703125e-03
3.761982428876762837e+07 1.314878463745117188e-03
3.759288961533052474e+07 1.173973083496093750e-03
3.756598179632767290e+07 1.299858093261718750e-03
3.753910079662318528e+07 1.759052276611328125e-03
3.751224658113707602e+07 5.383968353271484375e-03
3.748541911484506726e+07 2.033948898315429688e-03
3.745861836277867109e+07 2.493858337402343750e-03
3.743184429002480209e+07 1.766204833984375000e-03
3.740509686172591895e+07 1.562833786010742188e-03
3.737837604307933897e+07 1.699924468994140625e-03
3.735168179933790863e+07 2.382993698120117188e-03
3.732501409580954909e+07 2.759933471679687500e-03
3.729837289785699546e+07 3.321170806884765625e-03
3.727175817089752853e+07 2.725839614868164062e-03
3.724516988040348887e+07 3.689050674438476562e-03
3.721860799190147966e+07 3.859996795654296875e-03
3.719207247097279876e+07 1.772880554199218750e-03
3.716556328325318545e+07 5.575895309448242188e-03
3.713908039443197846e+07 1.220941543579101562e-03
3.711262377025347948e+07 1.163959503173828125e-03
3.708619337651533633e+07 1.914978027343750000e-03
3.705978917906921357e+07 1.505136489868164062e-03
3.703341114382088929e+07 9.121894836425781250e-04
3.700705923672934622e+07 1.338958740234375000e-03
3.698073342380750924e+07 1.509904861450195312e-03
3.695443367112153023e+07 2.454996109008789062e-03
3.692815994479089230e+07 3.666877746582031250e-03
3.690191221098855883e+07 1.816749572753906250e-03
3.687569043594036251e+07 1.835823059082031250e-03
3.684949458592525870e+07 1.810789108276367188e-03
3.682332462727531046e+07 1.060724258422851562e-03
3.679718052637495100e+07 8.361339569091796875e-04
3.677106224966202676e+07 1.202821731567382812e-03
3.674496976362628490e+07 2.232789993286132812e-03
3.671890303481046110e+07 2.694845199584960938e-03
3.669286202980939299e+07 2.202987670898437500e-03
3.666684671527039260e+07 1.231908798217773438e-03
3.664085705789303780e+07 9.191036224365234375e-04
3.661489302442885935e+07 1.240015029907226562e-03
3.658895458168163896e+07 4.123210906982421875e-03
3.656304169650670141e+07 3.394126892089843750e-03
3.653715433581128716e+07 9.421825408935546875e-03
3.651129246655458957e+07 1.134157180786132812e-03
3.648545605574728549e+07 1.137971878051757812e-03
3.645964507045158744e+07 1.230716705322265625e-03
3.643385947778108716e+07 1.571178436279296875e-03
3.640809924490069598e+07 2.032041549682617188e-03
3.638236433902665228e+07 9.500980377197265625e-04
3.635665472742614895e+07 8.997917175292968750e-04
3.633097037741745263e+07 8.189678192138671875e-04
3.630531125636997074e+07 8.099079132080078125e-04
3.627967733170363307e+07 1.040935516357421875e-03
3.625406857088940591e+07 2.021074295043945312e-03
3.622848494144882262e+07 1.725912094116210938e-03
3.620292641095405072e+07 1.033306121826171875e-03
3.617739294702757895e+07 1.309156417846679688e-03
3.615188451734234393e+07 1.085281372070312500e-03
3.612640108962161839e+07 8.447170257568359375e-04
3.610094263163890690e+07 8.199214935302734375e-04
3.607550911121764034e+07 8.192062377929687500e-04
3.605010049623138458e+07 1.596212387084960938e-03
3.602471675460341573e+07 1.825094223022460938e-03
3.599935785430740565e+07 2.641916275024414062e-03
3.597402376336635649e+07 2.555847167968750000e-03
3.594871444985274225e+07 9.160041809082031250e-04
3.592342988188891858e+07 9.641647338867187500e-04
3.589817002764666080e+07 1.474857330322265625e-03
3.587293485534709692e+07 2.683162689208984375e-03
3.584772433326050639e+07 2.602338790893554688e-03
3.582253842970640957e+07 1.041293144226074219e-02
3.579737711305373907e+07 2.326965332031250000e-03
3.577224035172007978e+07 1.804113388061523438e-03
3.574712811417222023e+07 1.276969909667968750e-03
3.572204036892553419e+07 1.621961593627929688e-03
3.569697708454462141e+07 1.616954803466796875e-03
3.567193822964216769e+07 1.345157623291015625e-03
3.564692377287992835e+07 2.748012542724609375e-03
3.562193368296784908e+07 2.187013626098632812e-03
3.559696792866441607e+07 1.100063323974609375e-03
3.557202647877661139e+07 9.050369262695312500e-04
3.554710930215910822e+07 1.023054122924804688e-03
3.552221636771565676e+07 2.003192901611328125e-03
3.549734764439707994e+07 1.515865325927734375e-03
3.547250310120289028e+07 1.723051071166992188e-03
3.544768270718026161e+07 1.733779907226562500e-03
3.542288643142395467e+07 1.883029937744140625e-03
3.539811424307690561e+07 2.294063568115234375e-03
3.537336611132942885e+07 2.403974533081054688e-03
3.534864200541958958e+07 1.114130020141601562e-03
3.532394189463258535e+07 4.255533218383789062e-03
3.529926574830151349e+07 1.757860183715820312e-03
3.527461353580629081e+07 1.208090782165527344e-02
3.524998522657435387e+07 1.204013824462890625e-03
3.522538079008021206e+07 1.166105270385742188e-03
3.520080019584539533e+07 1.824140548706054688e-03
3.517624341343840212e+07 1.399993896484375000e-03
3.515171041247486323e+07 1.621961593627929688e-03
3.512720116261683404e+07 9.870529174804687500e-04
3.510271563357336819e+07 5.059003829956054688e-03
3.507825379510026425e+07 1.743078231811523438e-03
3.505381561699950695e+07 1.071929931640625000e-03
3.502940106911989301e+07 1.724720001220703125e-03
3.500501012135661393e+07 1.178026199340820312e-03
3.498064274365086854e+07 1.798152923583984375e-03
3.495629890599077195e+07 2.717018127441406250e-03
3.493197857840982825e+07 1.120090484619140625e-03
3.490768173098815233e+07 9.491443634033203125e-04
3.488340833385141194e+07 8.091926574707031250e-04
3.485915835717170686e+07 8.099079132080078125e-04
3.483493177116656303e+07 8.211135864257812500e-04
3.481072854609961063e+07 8.141994476318359375e-04
3.478654865227989107e+07 8.199214935302734375e-04
3.476239206006212533e+07 1.519680023193359375e-03
3.473825873984678090e+07 1.910924911499023438e-03
3.471414866207927465e+07 2.123117446899414062e-03
3.469006179725077003e+07 1.626014709472656250e-03
3.466599811589772999e+07 1.896142959594726562e-03
3.464195758860154450e+07 4.978895187377929688e-03
3.461794018598914891e+07 1.870155334472656250e-03
3.459394587873204052e+07 2.187013626098632812e-03
3.456997463754699379e+07 1.075983047485351562e-03
3.454602643319575489e+07 1.065969467163085938e-03
3.452210123648465425e+07 1.342058181762695312e-03
3.449819901826489717e+07 1.936197280883789062e-03
3.447431974943219125e+07 1.302003860473632812e-03
3.445046340092709661e+07 1.801967620849609375e-03
3.442662994373446703e+07 2.412796020507812500e-03
3.440281934888360649e+07 1.755714416503906250e-03
3.437903158744815737e+07 1.529932022094726562e-03
3.435526663054616749e+07 2.099037170410156250e-03
3.433152444933979958e+07 1.083135604858398438e-03
3.430780501503536105e+07 1.361846923828125000e-03
3.428410829888325185e+07 1.943826675415039062e-03
3.426043427217756957e+07 1.005172729492187500e-03
3.423678290625655651e+07 1.122951507568359375e-03
3.421315417250226438e+07 1.753091812133789062e-03
3.418954804234046489e+07 2.540111541748046875e-03
3.416596448724056780e+07 3.396987915039062500e-03
3.414240347871562839e+07 2.511024475097656250e-03
3.411886498832201958e+07 3.872871398925781250e-03
3.409534898765976727e+07 8.997917175292968750e-03
3.407185544837227464e+07 1.724243164062500000e-03
3.404838434214593470e+07 1.753091812133789062e-03
3.402493564071071148e+07 1.470088958740234375e-03
3.400150931583961844e+07 1.053094863891601562e-03
3.397810533934865147e+07 1.456260681152343750e-03
3.395472368309680372e+07 1.715898513793945312e-03
3.393136431898605078e+07 1.052856445312500000e-03
3.390802721896114200e+07 1.760005950927734375e-03
3.388471235500974208e+07 1.738071441650390625e-03
3.386141969916214049e+07 2.908945083618164062e-03
3.383814922349093854e+07 1.580715179443359375e-03
3.381490090011166036e+07 1.477718353271484375e-03
3.379167470118227601e+07 9.679794311523437500e-04
3.376847059890314937e+07 9.899139404296875000e-04
3.374528856551685929e+07 1.340150833129882812e-03
3.372212857330823690e+07 2.091169357299804688e-03
3.369899059460429847e+07 1.115083694458007812e-03
3.367587460177435726e+07 8.771419525146484375e-04
3.365278056722949445e+07 2.040147781372070312e-03
3.362970846342299134e+07 1.878023147583007812e-03
3.360665826284991205e+07 5.770921707153320312e-03
3.358362993804714829e+07 2.804040908813476562e-03
3.356062346159337461e+07 9.938955307006835938e-03
3.353763880610899255e+07 3.988981246948242188e-03
3.351467594425582141e+07 2.851963043212890625e-03
3.349173484873748943e+07 1.034259796142578125e-03
3.346881549229868874e+07 1.178979873657226562e-03
3.344591784772604331e+07 1.952886581420898438e-03
3.342304188784699142e+07 2.327919006347656250e-03
3.340018758553051203e+07 1.725912094116210938e-03
3.337735491368673742e+07 3.235101699829101562e-03
3.335454384526691586e+07 1.984834671020507812e-03
3.333175435326322541e+07 1.239776611328125000e-03
3.330898641070872173e+07 1.034021377563476562e-03
3.328623999067772180e+07 1.058101654052734375e-03
3.326351506628501788e+07 1.693964004516601562e-03
3.324081161068641394e+07 1.689910888671875000e-03
3.321812959707820043e+07 1.098155975341796875e-03
3.319546899869753048e+07 1.384973526000976562e-03
3.317282978882189468e+07 1.515150070190429688e-03
3.315021194076912850e+07 4.818916320800781250e-03
3.312761542789780349e+07 3.174066543579101562e-03
3.310504022360674664e+07 3.113985061645507812e-03
3.308248630133506283e+07 1.007819175720214844e-02
3.305995363456181437e+07 2.801179885864257812e-03
3.303744219680657610e+07 2.315044403076171875e-03
3.301495196162864193e+07 3.054141998291015625e-03
3.299248290262750164e+07 2.758026123046875000e-03
3.297003499344266579e+07 1.935243606567382812e-03
3.294760820775326714e+07 2.737045288085937500e-03
3.292520251927843690e+07 1.787900924682617188e-03
3.290281790177679807e+07 1.554012298583984375e-03
3.288045432904698700e+07 1.455068588256835938e-03
3.285811177492663637e+07 1.716136932373046875e-03
3.283579021329365671e+07 2.545118331909179688e-03
3.281348961806498468e+07 3.364086151123046875e-03
3.279120996319673583e+07 3.995895385742187500e-03
3.276895122268472239e+07 6.902933120727539062e-03
3.274671337056388333e+07 3.102779388427734375e-03
3.272449638090839237e+07 9.453058242797851562e-03
3.270230022783144563e+07 1.170873641967773438e-03
3.268012488548527658e+07 2.439975738525390625e-03
3.265797032806114852e+07 1.467227935791015625e-03
3.263583652978933230e+07 1.009225845336914062e-03
3.261372346493901312e+07 9.028911590576171875e-04
3.259163110781768337e+07 9.059906005859375000e-04
3.256955943277197704e+07 1.784801483154296875e-03
3.254750841418727487e+07 1.700162887573242188e-03
3.252547802648718283e+07 2.687931060791015625e-03
3.250346824413396046e+07 1.674890518188476562e-03
3.248147904162834957e+07 9.391307830810546875e-04
3.245951039350965619e+07 1.062154769897460938e-03
3.243756227435530350e+07 3.198146820068359375e-03
3.241563465878102928e+07 1.226186752319335938e-03
3.239372752144080773e+07 1.100778579711914062e-03
3.237184083702648431e+07 1.265048980712890625e-03
3.234997458026824892e+07 1.856565475463867188e-03
3.232812872593415901e+07 2.492189407348632812e-03
3.230630324883045629e+07 1.715898513793945312e-03
3.228449812380098179e+07 1.374959945678710938e-03
3.226271332572722435e+07 9.629726409912109375e-04
3.224094882952903584e+07 1.669883728027343750e-03
3.221920461016331613e+07 5.136013031005859375e-03
3.219748064262469485e+07 5.499124526977539062e-03
3.217577690194559470e+07 4.832744598388671875e-03
3.215409336319578439e+07 2.076864242553710938e-03
3.213243000148251280e+07 1.788854598999023438e-03
3.211078679195032641e+07 1.603126525878906250e-03
3.208916370978099480e+07 1.066923141479492188e-03
3.206756073019371554e+07 1.185178756713867188e-03
3.204597782844448835e+07 1.559257507324218750e-03
3.202441497982691973e+07 9.980201721191406250e-04
3.200287215967122465e+07 1.626253128051757812e-03
3.198134934334484488e+07 3.042936325073242188e-03
3.195984650625203550e+07 1.316070556640625000e-03
3.193836362383387238e+07 1.147270202636718750e-03
3.191690067156830430e+07 2.507925033569335938e-03
3.189545762496997043e+07 1.887083053588867188e-03
3.187403445959008113e+07 1.006841659545898438e-03
3.185263115101661533e+07 9.489059448242187500e-04
3.183124767487404868e+07 1.839876174926757812e-03
3.180988400682327151e+07 2.135992050170898438e-03
3.178854012256161869e+07 2.462148666381835938e-03
3.176721599782282859e+07 2.341032028198242188e-03
3.174591160837685689e+07 1.008033752441406250e-03
3.172462693002983555e+07 2.928018569946289062e-03
3.170336193862418458e+07 5.858898162841796875e-03
3.168211661003851891e+07 1.616954803466796875e-03
3.166089092018718272e+07 6.022930145263671875e-03
3.163968484502085298e+07 1.940011978149414062e-03
3.161849836052588746e+07 1.155138015747070312e-03
3.159733144272458926e+07 1.224994659423828125e-03
3.157618406767497957e+07 1.814126968383789062e-03
3.155505621147101372e+07 1.922845840454101562e-03
3.153394785024223849e+07 1.168251037597656250e-03
3.151285896015371010e+07 1.803874969482421875e-03
3.149178951740626618e+07 2.817153930664062500e-03
3.147073949823595583e+07 1.863002777099609375e-03
3.144970887891447544e+07 1.331090927124023438e-03
3.142869763574894890e+07 1.957893371582031250e-03
3.140770574508174136e+07 2.126932144165039062e-03
3.138673318329030275e+07 1.613140106201171875e-03
3.136577992678754404e+07 1.799821853637695312e-03
3.134484595202131197e+07 2.256870269775390625e-03
3.132393123547478020e+07 2.009868621826171875e-03
3.130303575366595015e+07 2.354145050048828125e-03
3.128215948314771056e+07 1.365900039672851562e-03
3.126130240050806850e+07 1.906871795654296875e-03
3.124046448236986995e+07 2.673864364624023438e-03
3.121964570539065823e+07 2.992153167724609375e-03
3.119884604626250640e+07 2.469778060913085938e-03
3.117806548171241581e+07 1.605033874511718750e-03
3.115730398850215971e+07 4.905939102172851562e-03
3.113656154342754185e+07 2.180099487304687500e-03
3.111583812331929058e+07 2.770900726318359375e-03
3.109513370504251122e+07 3.221988677978515625e-03
3.107444826549648121e+07 1.746177673339843750e-03
3.105378178161503375e+07 1.696825027465820312e-03
3.103313423036610708e+07 3.829002380371093750e-03
3.101250558875180781e+07 1.948118209838867188e-03
3.099189583380850032e+07 1.448869705200195312e-03
3.097130494260668382e+07 1.974105834960937500e-03
3.095073289225061983e+07 1.856803894042968750e-03
3.093017965987885371e+07 1.034975051879882812e-03
3.090964522266370431e+07 1.447916030883789062e-03
3.088912955781136826e+07 5.471229553222656250e-03
3.086863264256171882e+07 1.940250396728515625e-03
3.084815445418856293e+07 1.187086105346679688e-03
3.082769496999919042e+07 1.014709472656250000e-03
3.080725416733485460e+07 2.729892730712890625e-03
3.078683202357001230e+07 3.057241439819335938e-03
3.076642851611287147e+07 4.508256912231445312e-03
3.074604362240500003e+07 4.898071289062500000e-03
3.072567731992142275e+07 2.488136291503906250e-03
3.070532958617036045e+07 2.071857452392578125e-03
3.068500039869351685e+07 2.305030822753906250e-03
3.066468973506585136e+07 1.770973205566406250e-03
3.064439757289526984e+07 2.081155776977539062e-03
3.062412388982292265e+07 1.245021820068359375e-03
3.060386866352302209e+07 1.016855239868164062e-03
3.058363187170290574e+07 1.723051071166992188e-03
3.056341349210277572e+07 1.536130905151367188e-03
3.054321350249550119e+07 1.796960830688476562e-03
3.052303188068721816e+07 1.758813858032226562e-03
3.050286860451668501e+07 1.209020614624023438e-03
3.048272365185532719e+07 1.160860061645507812e-03
3.046259700060725957e+07 2.269029617309570312e-03
3.044248862870908901e+07 3.953933715820312500e-03
3.042239851413029060e+07 1.869916915893554688e-03
3.040232663487268612e+07 2.266883850097656250e-03
3.038227296897065267e+07 1.274824142456054688e-03
3.036223749449075013e+07 9.200572967529296875e-04
3.034222018953227624e+07 9.098052978515625000e-04
3.032222103222638369e+07 1.877093315124511719e-02
3.030224000073678046e+07 2.833843231201171875e-03
3.028227707325913757e+07 1.621007919311523438e-03
3.026233222802139446e+07 1.893997192382812500e-03
3.024240544328363985e+07 1.276254653930664062e-03
3.022249669733791053e+07 3.943204879760742188e-03
3.020260596850802004e+07 1.180887222290039062e-03
3.018273323515009135e+07 1.039981842041015625e-03
3.016287847565174475e+07 1.821994781494140625e-03
3.014304166843251884e+07 2.023935317993164062e-03
3.012322279194391146e+07 1.878023147583007812e-03
3.010342182466890290e+07 1.631975173950195312e-03
3.008363874512220174e+07 1.083135604858398438e-03
3.006387353185005113e+07 1.457929611206054688e-03
3.004412616343050078e+07 3.695964813232421875e-03
3.002439661847270653e+07 1.362085342407226562e-03
3.000468487561739981e+07 1.012802124023437500e-03
2.998499091353690997e+07 1.180171966552734375e-03
2.996531471093455330e+07 9.913444519042968750e-04
2.994565624654518440e+07 1.173973083496093750e-03
2.992601549913494289e+07 3.593921661376953125e-03
2.990639244750090316e+07 1.021981239318847656e-02
2.988678707047127187e+07 2.506971359252929688e-03
2.986719934690554440e+07 2.262830734252929688e-03
2.984762925569410250e+07 1.544952392578125000e-03
2.982807677575825155e+07 1.778841018676757812e-03
2.980854188605033979e+07 2.572059631347656250e-03
2.978902456555349380e+07 2.804040908813476562e-03
2.976952479328161478e+07 1.306772232055664062e-03
2.975004254827949405e+07 9.939670562744140625e-04
2.973057780962248147e+07 1.121044158935546875e-03
2.971113055641683936e+07 3.415107727050781250e-03
2.969170076779912412e+07 2.486228942871093750e-03
2.967228842293656617e+07 1.747369766235351562e-03
2.965289350102699921e+07 2.077341079711914062e-03
2.963351598129860312e+07 2.456188201904296875e-03
2.961415584301003441e+07 1.554250717163085938e-03
2.959481306545016542e+07 1.055955886840820312e-03
2.957548762793833762e+07 1.207113265991210938e-03
2.955617950982403755e+07 1.871824264526367188e-03
2.953688869048701599e+07 2.646923065185546875e-03
2.951761514933707193e+07 1.981973648071289062e-03
2.949835886581414938e+07 1.888990402221679688e-03
2.947911981938828528e+07 3.237009048461914062e-03
2.945989798955965787e+07 3.772974014282226562e-03
2.944069335585805029e+07 2.424001693725585938e-03
2.942150589784332365e+07 2.495050430297851562e-03
2.940233559510530531e+07 1.453161239624023438e-03
2.938318242726337537e+07 9.629726409912109375e-04
2.936404637396676466e+07 2.101659774780273438e-03
2.934492741489449143e+07 4.949092864990234375e-03
2.932582552975532413e+07 1.394033432006835938e-03
2.930674069828729331e+07 1.128911972045898438e-03
2.928767290025810525e+07 1.369237899780273438e-03
2.926862211546511203e+07 2.294063568115234375e-03
2.924958832373500988e+07 9.553432464599609375e-04
2.923057150492399186e+07 8.611679077148437500e-04
2.921157163891739026e+07 1.046895980834960938e-03
2.919258870562994480e+07 1.373767852783203125e-03
2.917362268500579894e+07 3.524065017700195312e-03
2.915467355701816082e+07 3.377914428710937500e-03
2.913574130166940764e+07 1.971960067749023438e-03
2.911682589899103343e+07 4.003763198852539062e-03
2.909792732904374972e+07 2.745151519775390625e-03
2.907904557191698626e+07 1.669168472290039062e-03
2.906018060772924498e+07 7.766008377075195312e-03
2.904133241662814096e+07 4.560708999633789062e-03
