1.777226148923666915e+04 0.000000000000000000e+00 1.000000000000000048e-04
2.409660849584192874e+03 2.322006225585937500e-02 8.388608000000000402e+02
4.395926111769489921e+02 1.670122146606445312e-03 8.388608000000000402e+02
1.132451094603805188e+02 1.730918884277343750e-03 8.388608000000000402e+02
3.943098663262037462e+01 1.994132995605468750e-03 8.388608000000000402e+02
1.746624274637858676e+01 1.917123794555664062e-03 8.388608000000000402e+02
9.436723655084568563e+00 1.622915267944335938e-03 8.388608000000000402e+02
6.036445177414192287e+00 1.607894897460937500e-03 8.388608000000000402e+02
4.437361280520579321e+00 2.094030380249023438e-03 8.388608000000000402e+02
3.626274143339074829e+00 1.833915710449218750e-03 8.388608000000000402e+02
3.191524878630116913e+00 1.801013946533203125e-03 8.388608000000000402e+02
2.948840699880459937e+00 2.155780792236328125e-03 8.388608000000000402e+02
2.809270951835144636e+00 2.172231674194335938e-03 8.388608000000000402e+02
2.727254755280499321e+00 1.692295074462890625e-03 8.388608000000000402e+02
2.678334365836887443e+00 2.250194549560546875e-03 8.388608000000000402e+02
2.648882071787527437e+00 3.324270248413085938e-03 8.388608000000000402e+02
2.631076727609802823e+00 2.504825592041015625e-03 8.388608000000000402e+02
2.620323678780261289e+00 4.497289657592773438e-03 8.388608000000000402e+02
2.613874154258467364e+00 4.046916961669921875e-03 8.388608000000000402e+02
2.610060727840993966e+00 3.077030181884765625e-03 8.388608000000000402e+02
2.607861641999656310e+00 3.038883209228515625e-03 8.388608000000000402e+02
2.606646551962280789e+00 2.089023590087890625e-03 8.388608000000000402e+02
2.606025196563778845e+00 2.745866775512695312e-03 8.388608000000000402e+02
2.605755869003933523e+00 1.715898513793945312e-03 8.388608000000000402e+02
2.605689335115537908e+00 1.730203628540039062e-03 8.388608000000000402e+02
2.605734119334119914e+00 1.693010330200195312e-03 8.388608000000000402e+02
2.605834850984499518e+00 1.792907714843750000e-03 8.388608000000000402e+02
2.605958683855808644e+00 1.987934112548828125e-03 8.388608000000000402e+02
2.606086751282840730e+00 2.298116683959960938e-03 8.388608000000000402e+02
2.606208783667426143e+00 1.634836196899414062e-03 8.388608000000000402e+02
2.606319721949439838e+00 1.656055450439453125e-03 8.388608000000000402e+02
2.606417594738431376e+00 1.955032348632812500e-03 8.388608000000000402e+02
2.606502196536339078e+00 1.693248748779296875e-03 8.388608000000000402e+02
2.606574273526913288e+00 1.707077026367187500e-03 8.388608000000000402e+02
2.606635030120057817e+00 1.634120941162109375e-03 8.388608000000000402e+02
2.606685837183825960e+00 1.754045486450195312e-03 8.388608000000000402e+02
2.606728066083555007e+00 1.828908920288085938e-03 8.388608000000000402e+02
2.606763000256925977e+00 2.151966094970703125e-03 8.388608000000000402e+02
2.606791793731479512e+00 2.250909805297851562e-03 8.388608000000000402e+02
2.606815457311856932e+00 1.816749572753906250e-03 8.388608000000000402e+02
2.606834860405278675e+00 3.117084503173828125e-03 8.388608000000000402e+02
2.606850741072775257e+00 1.734972000122070312e-03 8.388608000000000402e+02
2.606863719826449266e+00 1.676082611083984375e-03 8.388608000000000402e+02
2.606874314542406257e+00 1.733064651489257812e-03 8.388608000000000402e+02
2.606882955013565262e+00 1.686096191406250000e-03 8.388608000000000402e+02
2.606889996377074858e+00 2.521038055419921875e-03 8.388608000000000402e+02
2.606895731079605927e+00 1.707077026367187500e-03 8.388608000000000402e+02
2.606900399294078241e+00 1.707077026367187500e-03 8.388608000000000402e+02
2.606904197840874904e+00 1.827239990234375000e-03 8.388608000000000402e+02
2.606907287737630252e+00 2.089977264404296875e-03 8.388608000000000402e+02
2.606909800531797217e+00 1.707077026367187500e-03 8.388608000000000402e+02
2.606911843576441346e+00 1.855134963989257812e-03 8.388608000000000402e+02
2.606913504402718740e+00 1.783132553100585938e-03 8.388608000000000402e+02
2.606914854329039688e+00 2.541065216064453125e-03 8.388608000000000402e+02
2.606915951430634593e+00 2.653121948242187500e-03 8.388608000000000402e+02
2.606916842976735982e+00 1.928329467773437500e-03 8.388608000000000402e+02
2.606917567426777271e+00 2.218008041381835938e-03 8.388608000000000402e+02
2.606918156062807412e+00 1.695871353149414062e-03 8.388608000000000402e+02
2.606918634322678674e+00 2.076864242553710938e-03 8.388608000000000402e+02
2.606919022887739690e+00 2.287149429321289062e-03 8.388608000000000402e+02
2.606919338569515077e+00 3.537178039550781250e-03 8.388608000000000402e+02
2.606919595032012094e+00 2.537965774536132812e-03 8.388608000000000402e+02
2.606919803379833311e+00 1.781940460205078125e-03 8.388608000000000402e+02
2.606919972636792870e+00 2.146005630493164062e-03 8.388608000000000402e+02
2.606920110135306334e+00 2.238988876342773438e-03 8.388608000000000402e+02
2.606920221833075590e+00 1.646995544433593750e-03 8.388608000000000402e+02
2.606920312570610854e+00 1.616239547729492188e-03 8.388608000000000402e+02
2.606920386280571655e+00 1.660823822021484375e-03 8.388608000000000402e+02
2.606920446157940940e+00 2.156972885131835938e-03 8.388608000000000402e+02
2.606920494798334875e+00 2.027034759521484375e-03 8.388608000000000402e+02
2.606920534310399606e+00 1.690149307250976562e-03 8.388608000000000402e+02
2.606920566407139539e+00 1.678943634033203125e-03 8.388608000000000402e+02
2.606920592480138410e+00 2.492904663085937500e-03 8.388608000000000402e+02
2.606920613659851060e+00 1.812934875488281250e-03 8.388608000000000402e+02
2.606920630864602906e+00 1.689910888671875000e-03 8.388608000000000402e+02
2.606920644840383883e+00 1.682996749877929688e-03 8.388608000000000402e+02
2.606920656193194130e+00 2.454042434692382812e-03 8.388608000000000402e+02
2.606920665415300764e+00 2.896070480346679688e-03 8.388608000000000402e+02
2.606920672906590575e+00 2.438306808471679688e-03 8.388608000000000402e+02
2.606920678991903273e+00 2.174854278564453125e-03 8.388608000000000402e+02
2.606920683935111338e+00 3.220796585083007812e-03 8.388608000000000402e+02
2.606920687950564197e+00 2.316951751708984375e-03 8.388608000000000402e+02
2.606920691212386565e+00 1.954078674316406250e-03 8.388608000000000402e+02
2.606920693862020411e+00 1.803636550903320312e-03 8.388608000000000402e+02
2.606920696014361827e+00 1.989126205444335938e-03 8.388608000000000402e+02
2.606920697762745487e+00 1.852989196777343750e-03 8.388608000000000402e+02
2.606920699182984968e+00 1.637935638427734375e-03 8.388608000000000402e+02
2.606920700336671004e+00 1.711130142211914062e-03 8.388608000000000402e+02
2.606920701273827135e+00 2.398967742919921875e-03 8.388608000000000402e+02
2.606920702035095072e+00 1.762151718139648438e-03 8.388608000000000402e+02
2.606920702653486188e+00 2.169847488403320312e-03 8.388608000000000402e+02
2.606920703155813257e+00 2.678871154785156250e-03 8.388608000000000402e+02
2.606920703563863295e+00 1.894950866699218750e-03 8.388608000000000402e+02
2.606920703895330149e+00 2.130746841430664062e-03 8.388608000000000402e+02
2.606920704164583213e+00 1.792907714843750000e-03 8.388608000000000402e+02
2.606920704383305143e+00 1.802921295166015625e-03 8.388608000000000402e+02
2.606920704560972801e+00 2.461910247802734375e-03 8.388608000000000402e+02
2.606920704705297798e+00 1.907110214233398438e-03 8.388608000000000402e+02
2.606920704822535129e+00 3.604173660278320312e-03 8.388608000000000402e+02
2.606920704917767395e+00 4.337787628173828125e-03 8.388608000000000402e+02
2.606920704995125515e+00 4.241228103637695312e-03 8.388608000000000402e+02
2.606920705057966359e+00 3.329992294311523438e-03 8.388608000000000402e+02
2.606920705109014413e+00 2.541780471801757812e-03 8.388608000000000402e+02
2.606920705150480355e+00 2.008914947509765625e-03 8.388608000000000402e+02
2.606920705184162301e+00 1.857757568359375000e-03 8.388608000000000402e+02
2.606920705211523970e+00 3.944158554077148438e-03 8.388608000000000402e+02
2.606920705233749302e+00 3.428936004638671875e-03 8.388608000000000402e+02
2.606920705251804193e+00 2.508878707885742188e-03 8.388608000000000402e+02
2.606920705266471572e+00 2.597808837890625000e-03 8.388608000000000402e+02
2.606920705278385153e+00 2.610921859741210938e-03 8.388608000000000402e+02
2.606920705288061413e+00 1.857042312622070312e-03 8.388608000000000402e+02
2.606920705295923568e+00 2.521038055419921875e-03 8.388608000000000402e+02
2.606920705302306907e+00 1.942157745361328125e-03 8.388608000000000402e+02
2.606920705307497421e+00 3.071069717407226562e-03 8.388608000000000402e+02
2.606920705311709163e+00 2.331972122192382812e-03 8.388608000000000402e+02
2.606920705315131315e+00 2.599954605102539062e-03 8.388608000000000402e+02
2.606920705317912645e+00 1.735925674438476562e-03 8.388608000000000402e+02
2.606920705320171727e+00 1.963138580322265625e-03 8.388608000000000402e+02
2.606920705322006704e+00 2.784013748168945312e-03 8.388608000000000402e+02
2.606920705323495291e+00 1.783132553100585938e-03 8.388608000000000402e+02
2.606920705324708099e+00 1.683235168457031250e-03 8.388608000000000402e+02
2.606920705325691312e+00 1.742839813232421875e-03 8.388608000000000402e+02
2.606920705326488452e+00 1.725912094116210938e-03 8.388608000000000402e+02
2.606920705327138599e+00 1.763105392456054688e-03 8.388608000000000402e+02
2.606920705327665289e+00 1.608848571777343750e-03 8.388608000000000402e+02
2.606920705328093391e+00 1.665592193603515625e-03 8.388608000000000402e+02
2.606920705328442001e+00 1.898050308227539062e-03 8.388608000000000402e+02
2.606920705328723109e+00 2.627134323120117188e-03 8.388608000000000402e+02
2.606920705328953147e+00 2.487659454345703125e-03 8.388608000000000402e+02
2.606920705329140109e+00 2.356052398681640625e-03 8.388608000000000402e+02
2.606920705329291987e+00 1.723051071166992188e-03 8.388608000000000402e+02
2.606920705329415444e+00 2.297163009643554688e-03 8.388608000000000402e+02
2.606920705329514476e+00 1.683950424194335938e-03 8.388608000000000402e+02
2.606920705329596188e+00 2.358913421630859375e-03 8.388608000000000402e+02
2.606920705329661914e+00 3.329038619995117188e-03 8.388608000000000402e+02
2.606920705329716093e+00 3.037929534912109375e-03 8.388608000000000402e+02
2.606920705329759169e+00 2.012968063354492188e-03 8.388608000000000402e+02
2.606920705329794252e+00 2.123117446899414062e-03 8.388608000000000402e+02
2.606920705329823562e+00 2.684831619262695312e-03 8.388608000000000402e+02
2.606920705329845767e+00 2.588987350463867188e-03 8.388608000000000402e+02
2.606920705329864862e+00 2.454042434692382812e-03 8.388608000000000402e+02
2.606920705329881294e+00 2.053976058959960938e-03 8.388608000000000402e+02
2.606920705329893728e+00 2.339124679565429688e-03 8.388608000000000402e+02
2.606920705329902610e+00 2.007007598876953125e-03 8.388608000000000402e+02
2.606920705329910160e+00 3.333091735839843750e-03 8.388608000000000402e+02
2.606920705329918153e+00 3.097057342529296875e-03 8.388608000000000402e+02
2.606920705329922594e+00 1.745939254760742188e-03 8.388608000000000402e+02
2.606920705329927035e+00 1.937866210937500000e-03 8.388608000000000402e+02
2.606920705329931476e+00 1.649856567382812500e-03 8.388608000000000402e+02
2.606920705329934140e+00 1.629352569580078125e-03 8.388608000000000402e+02
2.606920705329937249e+00 1.770973205566406250e-03 8.388608000000000402e+02
2.606920705329937249e+00 4.487037658691406250e-03 8.388608000000000402e+02
2.606920705329939469e+00 3.430128097534179688e-03 8.388608000000000402e+02
2.606920705329940358e+00 1.991033554077148438e-03 8.388608000000000402e+02
2.606920705329942134e+00 1.847028732299804688e-03 8.388608000000000402e+02
2.606920705329943910e+00 1.701116561889648438e-03 8.388608000000000402e+02
2.606920705329943910e+00 1.652956008911132812e-03 8.388608000000000402e+02
2.606920705329944354e+00 1.699209213256835938e-03 8.388608000000000402e+02
2.606920705329944354e+00 1.829862594604492188e-03 8.388608000000000402e+02
2.606920705329945243e+00 1.901149749755859375e-03 8.388608000000000402e+02
2.606920705329945243e+00 1.673936843872070312e-03 8.388608000000000402e+02
2.606920705329945243e+00 1.631021499633789062e-03 8.388608000000000402e+02
2.606920705329946131e+00 1.611948013305664062e-03 8.388608000000000402e+02
2.606920705329944798e+00 1.775026321411132812e-03 8.388608000000000402e+02
2.606920705329945687e+00 1.836061477661132812e-03 8.388608000000000402e+02
2.606920705329947463e+00 2.178907394409179688e-03 8.388608000000000402e+02
2.606920705329945687e+00 1.631975173950195312e-03 8.388608000000000402e+02
2.606920705329947463e+00 1.698970794677734375e-03 8.388608000000000402e+02
2.606920705329945687e+00 1.691818237304687500e-03 8.388608000000000402e+02
2.606920705329947463e+00 1.656770706176757812e-03 8.388608000000000402e+02
2.606920705329945687e+00 1.704931259155273438e-03 8.388608000000000402e+02
2.606920705329947463e+00 1.704216003417968750e-03 8.388608000000000402e+02
2.606920705329945687e+00 2.574920654296875000e-03 8.388608000000000402e+02
2.606920705329947463e+00 1.883029937744140625e-03 8.388608000000000402e+02
2.606920705329945687e+00 2.747058868408203125e-03 8.388608000000000402e+02
2.606920705329947463e+00 1.982212066650390625e-03 8.388608000000000402e+02
2.606920705329945687e+00 1.730203628540039062e-03 8.388608000000000402e+02
2.606920705329947463e+00 1.642942428588867188e-03 8.388608000000000402e+02
2.606920705329945687e+00 1.720190048217773438e-03 8.388608000000000402e+02
2.606920705329947463e+00 2.140998840332031250e-03 8.388608000000000402e+02
2.606920705329945687e+00 2.005100250244140625e-03 8.388608000000000402e+02
2.606920705329947463e+00 1.795053482055664062e-03 8.388608000000000402e+02
2.606920705329945687e+00 1.764059066772460938e-03 8.388608000000000402e+02
2.606920705329947463e+00 1.691102981567382812e-03 8.388608000000000402e+02
2.606920705329945687e+00 1.857995986938476562e-03 8.388608000000000402e+02
2.606920705329947463e+00 1.710891723632812500e-03 8.388608000000000402e+02
2.606920705329945687e+00 1.725912094116210938e-03 8.388608000000000402e+02
2.606920705329947463e+00 1.672983169555664062e-03 8.388608000000000402e+02
2.606920705329945687e+00 1.677036285400390625e-03 8.388608000000000402e+02
2.606920705329947463e+00 1.720905303955078125e-03 8.388608000000000402e+02
2.606920705329945687e+00 1.693725585937500000e-03 8.388608000000000402e+02
2.606920705329947463e+00 1.664876937866210938e-03 8.388608000000000402e+02
2.606920705329945687e+00 1.694917678833007812e-03 8.388608000000000402e+02
2.606920705329947463e+00 2.045869827270507812e-03 8.388608000000000402e+02
2.606920705329945687e+00 2.211809158325195312e-03 8.388608000000000402e+02
2.606920705329947463e+00 2.920866012573242188e-03 8.388608000000000402e+02
2.606920705329945687e+00 1.944065093994140625e-03 8.388608000000000402e+02
2.606920705329947463e+00 1.745939254760742188e-03 8.388608000000000402e+02
2.606920705329945687e+00 1.806020736694335938e-03 8.388608000000000402e+02
2.606920705329947463e+00 2.019882202148437500e-03 8.388608000000000402e+02
2.606920705329945687e+00 1.653194427490234375e-03 8.388608000000000402e+02
2.606920705329947463e+00 1.724958419799804688e-03 8.388608000000000402e+02
2.606920705329945687e+00 1.703977584838867188e-03 8.388608000000000402e+02
2.606920705329947463e+00 1.664876937866210938e-03 8.388608000000000402e+02
2.606920705329945687e+00 1.680850982666015625e-03 8.388608000000000402e+02
2.606920705329947463e+00 1.718044281005859375e-03 8.388608000000000402e+02
2.606920705329945687e+00 1.700878143310546875e-03 8.388608000000000402e+02
2.606920705329947463e+00 1.629114151000976562e-03 8.388608000000000402e+02
2.606920705329945687e+00 1.611948013305664062e-03 8.388608000000000402e+02
2.606920705329947463e+00 1.665115356445312500e-03 8.388608000000000402e+02
2.606920705329945687e+00 1.643180847167968750e-03 8.388608000000000402e+02
2.606920705329947463e+00 1.756906509399414062e-03 8.388608000000000402e+02
2.606920705329945687e+00 1.650810241699218750e-03 8.388608000000000402e+02
2.606920705329947463e+00 1.695156097412109375e-03 8.388608000000000402e+02
2.606920705329945687e+00 1.876115798950195312e-03 8.388608000000000402e+02
2.606920705329947463e+00 1.954078674316406250e-03 8.388608000000000402e+02
2.606920705329945687e+00 2.219676971435546875e-03 8.388608000000000402e+02
2.606920705329947463e+00 3.089904785156250000e-03 8.388608000000000402e+02
2.606920705329945687e+00 2.577066421508789062e-03 8.388608000000000402e+02
2.606920705329947463e+00 1.727104187011718750e-03 8.388608000000000402e+02
2.606920705329945687e+00 1.657962799072265625e-03 8.388608000000000402e+02
2.606920705329947463e+00 1.698017120361328125e-03 8.388608000000000402e+02
2.606920705329945687e+00 1.718044281005859375e-03 8.388608000000000402e+02
2.606920705329947463e+00 1.737833023071289062e-03 8.388608000000000402e+02
2.606920705329945687e+00 1.711130142211914062e-03 8.388608000000000402e+02
2.606920705329947463e+00 1.679897308349609375e-03 8.388608000000000402e+02
2.606920705329945687e+00 1.700162887573242188e-03 8.388608000000000402e+02
2.606920705329947463e+00 1.740932464599609375e-03 8.388608000000000402e+02
2.606920705329945687e+00 2.088785171508789062e-03 8.388608000000000402e+02
2.606920705329947463e+00 1.725912094116210938e-03 8.388608000000000402e+02
2.606920705329945687e+00 1.670122146606445312e-03 8.388608000000000402e+02
2.606920705329947463e+00 1.659870147705078125e-03 8.388608000000000402e+02
2.606920705329945687e+00 1.713037490844726562e-03 8.388608000000000402e+02
2.606920705329947463e+00 1.714944839477539062e-03 8.388608000000000402e+02
2.606920705329945687e+00 1.734256744384765625e-03 8.388608000000000402e+02
2.606920705329947463e+00 1.627206802368164062e-03 8.388608000000000402e+02
2.606920705329945687e+00 1.625776290893554688e-03 8.388608000000000402e+02
2.606920705329947463e+00 1.744985580444335938e-03 8.388608000000000402e+02
2.606920705329945687e+00 2.357721328735351562e-03 8.388608000000000402e+02
2.606920705329947463e+00 2.919197082519531250e-03 8.388608000000000402e+02
2.606920705329945687e+00 2.310037612915039062e-03 8.388608000000000402e+02
2.606920705329947463e+00 1.692771911621093750e-03 8.388608000000000402e+02
2.606920705329945687e+00 1.667737960815429688e-03 8.388608000000000402e+02
2.606920705329947463e+00 1.702070236206054688e-03 8.388608000000000402e+02
2.606920705329945687e+00 1.633167266845703125e-03 8.388608000000000402e+02
2.606920705329947463e+00 1.778125762939453125e-03 8.388608000000000402e+02
2.606920705329945687e+00 1.648187637329101562e-03 8.388608000000000402e+02
2.606920705329947463e+00 1.625776290893554688e-03 8.388608000000000402e+02
2.606920705329945687e+00 1.668214797973632812e-03 8.388608000000000402e+02
2.606920705329947463e+00 1.703023910522460938e-03 8.388608000000000402e+02
2.606920705329945687e+00 1.631975173950195312e-03 8.388608000000000402e+02
2.606920705329947463e+00 1.778125762939453125e-03 8.388608000000000402e+02
2.606920705329945687e+00 1.856088638305664062e-03 8.388608000000000402e+02
2.606920705329947463e+00 1.615047454833984375e-03 8.388608000000000402e+02
2.606920705329945687e+00 1.701831817626953125e-03 8.388608000000000402e+02
2.606920705329947463e+00 1.690864562988281250e-03 8.388608000000000402e+02
2.606920705329945687e+00 1.873970031738281250e-03 8.388608000000000402e+02
2.606920705329947463e+00 2.014875411987304688e-03 8.388608000000000402e+02
2.606920705329945687e+00 1.747846603393554688e-03 8.388608000000000402e+02
2.606920705329947463e+00 1.681089401245117188e-03 8.388608000000000402e+02
2.606920705329945687e+00 2.250909805297851562e-03 8.388608000000000402e+02
2.606920705329947463e+00 1.805067062377929688e-03 8.388608000000000402e+02
2.606920705329945687e+00 2.811908721923828125e-03 8.388608000000000402e+02
2.606920705329947463e+00 1.860141754150390625e-03 8.388608000000000402e+02
2.606920705329945687e+00 1.666069030761718750e-03 8.388608000000000402e+02
2.606920705329947463e+00 1.698970794677734375e-03 8.388608000000000402e+02
2.606920705329945687e+00 1.667737960815429688e-03 8.388608000000000402e+02
2.606920705329947463e+00 1.817226409912109375e-03 8.388608000000000402e+02
2.606920705329945687e+00 1.847982406616210938e-03 8.388608000000000402e+02
2.606920705329947463e+00 1.717090606689453125e-03 8.388608000000000402e+02
2.606920705329945687e+00 1.667022705078125000e-03 8.388608000000000402e+02
2.606920705329947463e+00 1.910686492919921875e-03 8.388608000000000402e+02
2.606920705329945687e+00 1.687049865722656250e-03 8.388608000000000402e+02
2.606920705329947463e+00 2.050161361694335938e-03 8.388608000000000402e+02
2.606920705329945687e+00 1.707077026367187500e-03 8.388608000000000402e+02
2.606920705329947463e+00 1.843214035034179688e-03 8.388608000000000402e+02
2.606920705329945687e+00 1.920938491821289062e-03 8.388608000000000402e+02
2.606920705329947463e+00 1.675844192504882812e-03 8.388608000000000402e+02
2.606920705329945687e+00 1.705884933471679688e-03 8.388608000000000402e+02
2.606920705329947463e+00 1.830816268920898438e-03 8.388608000000000402e+02
2.606920705329945687e+00 2.037048339843750000e-03 8.388608000000000402e+02
2.606920705329947463e+00 3.654003143310546875e-03 8.388608000000000402e+02
2.606920705329945687e+00 2.183198928833007812e-03 8.388608000000000402e+02
2.606920705329947463e+00 3.095865249633789062e-03 8.388608000000000402e+02
2.606920705329945687e+00 2.276182174682617188e-03 8.388608000000000402e+02
2.606920705329947463e+00 1.710176467895507812e-03 8.388608000000000402e+02
2.606920705329945687e+00 1.687049865722656250e-03 8.388608000000000402e+02
2.606920705329947463e+00 2.252817153930664062e-03 8.388608000000000402e+02
2.606920705329945687e+00 3.704071044921875000e-03 8.388608000000000402e+02
2.606920705329947463e+00 2.940893173217773438e-03 8.388608000000000402e+02
2.606920705329945687e+00 1.999139785766601562e-03 8.388608000000000402e+02
2.606920705329947463e+00 1.696109771728515625e-03 8.388608000000000402e+02
2.606920705329945687e+00 1.707077026367187500e-03 8.388608000000000402e+02
2.606920705329947463e+00 1.970052719116210938e-03 8.388608000000000402e+02
2.606920705329945687e+00 1.972198486328125000e-03 8.388608000000000402e+02
2.606920705329947463e+00 1.647233963012695312e-03 8.388608000000000402e+02
2.606920705329945687e+00 1.814126968383789062e-03 8.388608000000000402e+02
2.606920705329947463e+00 1.682043075561523438e-03 8.388608000000000402e+02
2.606920705329945687e+00 1.903772354125976562e-03 8.388608000000000402e+02
2.606920705329947463e+00 1.993179321289062500e-03 8.388608000000000402e+02
2.606920705329945687e+00 1.829147338867187500e-03 8.388608000000000402e+02
2.606920705329947463e+00 3.654003143310546875e-03 8.388608000000000402e+02
2.606920705329945687e+00 2.162933349609375000e-03 8.388608000000000402e+02
2.606920705329947463e+00 3.401994705200195312e-03 8.388608000000000402e+02
2.606920705329945687e+00 2.035856246948242188e-03 8.388608000000000402e+02
2.606920705329947463e+00 1.929283142089843750e-03 8.388608000000000402e+02
2.606920705329945687e+00 1.899719238281250000e-03 8.388608000000000402e+02
2.606920705329947463e+00 2.377986907958984375e-03 8.388608000000000402e+02
2.606920705329945687e+00 2.408027648925781250e-03 8.388608000000000402e+02
2.606920705329947463e+00 1.827955245971679688e-03 8.388608000000000402e+02
2.606920705329945687e+00 1.706838607788085938e-03 8.388608000000000402e+02
2.606920705329947463e+00 1.871109008789062500e-03 8.388608000000000402e+02
2.606920705329945687e+00 1.962184906005859375e-03 8.388608000000000402e+02
2.606920705329947463e+00 1.674890518188476562e-03 8.388608000000000402e+02
2.606920705329945687e+00 1.717090606689453125e-03 8.388608000000000402e+02
2.606920705329947463e+00 2.238273620605468750e-03 8.388608000000000402e+02
2.606920705329945687e+00 2.154111862182617188e-03 8.388608000000000402e+02
2.606920705329947463e+00 1.677036285400390625e-03 8.388608000000000402e+02
2.606920705329945687e+00 1.637935638427734375e-03 8.388608000000000402e+02
2.606920705329947463e+00 1.785039901733398438e-03 8.388608000000000402e+02
2.606920705329945687e+00 2.006053924560546875e-03 8.388608000000000402e+02
2.606920705329947463e+00 3.942966461181640625e-03 8.388608000000000402e+02
2.606920705329945687e+00 3.024816513061523438e-03 8.388608000000000402e+02
2.606920705329947463e+00 2.149820327758789062e-03 8.388608000000000402e+02
2.606920705329945687e+00 1.799821853637695312e-03 8.388608000000000402e+02
2.606920705329947463e+00 1.682996749877929688e-03 8.388608000000000402e+02
2.606920705329945687e+00 1.924276351928710938e-03 8.388608000000000402e+02
2.606920705329947463e+00 1.996994018554687500e-03 8.388608000000000402e+02
2.606920705329945687e+00 2.094030380249023438e-03 8.388608000000000402e+02
2.606920705329947463e+00 1.693964004516601562e-03 8.388608000000000402e+02
2.606920705329945687e+00 1.745223999023437500e-03 8.388608000000000402e+02
2.606920705329947463e+00 1.683950424194335938e-03 8.388608000000000402e+02
2.606920705329945687e+00 2.006053924560546875e-03 8.388608000000000402e+02
2.606920705329947463e+00 1.727104187011718750e-03 8.388608000000000402e+02
2.606920705329945687e+00 1.688003540039062500e-03 8.388608000000000402e+02
2.606920705329947463e+00 1.669883728027343750e-03 8.388608000000000402e+02
2.606920705329945687e+00 1.944065093994140625e-03 8.388608000000000402e+02
2.606920705329947463e+00 1.738071441650390625e-03 8.388608000000000402e+02
2.606920705329945687e+00 1.653194427490234375e-03 8.388608000000000402e+02
2.606920705329947463e+00 1.731157302856445312e-03 8.388608000000000402e+02
2.606920705329945687e+00 1.707077026367187500e-03 8.388608000000000402e+02
2.606920705329947463e+00 1.986742019653320312e-03 8.388608000000000402e+02
2.606920705329945687e+00 2.143859863281250000e-03 8.388608000000000402e+02
2.606920705329947463e+00 3.120899200439453125e-03 8.388608000000000402e+02
2.606920705329945687e+00 3.137111663818359375e-03 8.388608000000000402e+02
2.606920705329947463e+00 2.032995223999023438e-03 8.388608000000000402e+02
2.606920705329945687e+00 1.746892929077148438e-03 8.388608000000000402e+02
2.606920705329947463e+00 1.709938049316406250e-03 8.388608000000000402e+02
2.606920705329945687e+00 1.969099044799804688e-03 8.388608000000000402e+02
2.606920705329947463e+00 1.731157302856445312e-03 8.388608000000000402e+02
2.606920705329945687e+00 1.655817031860351562e-03 8.388608000000000402e+02
2.606920705329947463e+00 1.910209655761718750e-03 8.388608000000000402e+02
2.606920705329945687e+00 1.827001571655273438e-03 8.388608000000000402e+02
2.606920705329947463e+00 1.807212829589843750e-03 8.388608000000000402e+02
2.606920705329945687e+00 1.688003540039062500e-03 8.388608000000000402e+02
2.606920705329947463e+00 1.732110977172851562e-03 8.388608000000000402e+02
2.606920705329945687e+00 1.693010330200195312e-03 8.388608000000000402e+02
2.606920705329947463e+00 2.366065979003906250e-03 8.388608000000000402e+02
2.606920705329945687e+00 1.781940460205078125e-03 8.388608000000000402e+02
2.606920705329947463e+00 2.809047698974609375e-03 8.388608000000000402e+02
2.606920705329945687e+00 3.482103347778320312e-03 8.388608000000000402e+02
2.606920705329947463e+00 3.000020980834960938e-03 8.388608000000000402e+02
2.606920705329945687e+00 4.183053970336914062e-03 8.388608000000000402e+02
2.606920705329947463e+00 5.697011947631835938e-03 8.388608000000000402e+02
2.606920705329945687e+00 5.593776702880859375e-03 8.388608000000000402e+02
2.606920705329947463e+00 3.353834152221679688e-03 8.388608000000000402e+02
2.606920705329945687e+00 3.412008285522460938e-03 8.388608000000000402e+02
2.606920705329947463e+00 3.376007080078125000e-03 8.388608000000000402e+02
2.606920705329945687e+00 5.508184432983398438e-03 8.388608000000000402e+02
2.606920705329947463e+00 2.154111862182617188e-03 8.388608000000000402e+02
2.606920705329945687e+00 2.287149429321289062e-03 8.388608000000000402e+02
2.606920705329947463e+00 1.909017562866210938e-03 8.388608000000000402e+02
2.606920705329945687e+00 1.665115356445312500e-03 8.388608000000000402e+02
2.606920705329947463e+00 1.687049865722656250e-03 8.388608000000000402e+02
2.606920705329945687e+00 2.499818801879882812e-03 8.388608000000000402e+02
2.606920705329947463e+00 1.163601875305175781e-02 8.388608000000000402e+02
2.606920705329945687e+00 1.965999603271484375e-03 8.388608000000000402e+02
2.606920705329947463e+00 3.159046173095703125e-03 8.388608000000000402e+02
2.606920705329945687e+00 5.211830139160156250e-03 8.388608000000000402e+02
2.606920705329947463e+00 2.641916275024414062e-03 8.388608000000000402e+02
2.606920705329945687e+00 3.446102142333984375e-03 8.388608000000000402e+02
2.606920705329947463e+00 6.407022476196289062e-03 8.388608000000000402e+02
2.606920705329945687e+00 8.651971817016601562e-03 8.388608000000000402e+02
2.606920705329947463e+00 3.510951995849609375e-03 8.388608000000000402e+02
2.606920705329945687e+00 1.179695129394531250e-02 8.388608000000000402e+02
2.606920705329947463e+00 2.897977828979492188e-03 8.388608000000000402e+02
2.606920705329945687e+00 3.255128860473632812e-03 8.388608000000000402e+02
2.606920705329947463e+00 3.463983535766601562e-03 8.388608000000000402e+02
2.606920705329945687e+00 4.907846450805664062e-03 8.388608000000000402e+02
2.606920705329947463e+00 1.719236373901367188e-03 8.388608000000000402e+02
2.606920705329945687e+00 1.692771911621093750e-03 8.388608000000000402e+02
2.606920705329947463e+00 2.892017364501953125e-03 8.388608000000000402e+02
2.606920705329945687e+00 2.888202667236328125e-03 8.388608000000000402e+02
2.606920705329947463e+00 1.932144165039062500e-03 8.388608000000000402e+02
2.606920705329945687e+00 6.323814392089843750e-03 8.388608000000000402e+02
2.606920705329947463e+00 3.903865814208984375e-03 8.388608000000000402e+02
2.606920705329945687e+00 6.867885589599609375e-03 8.388608000000000402e+02
2.606920705329947463e+00 4.746913909912109375e-03 8.388608000000000402e+02
2.606920705329945687e+00 3.001213073730468750e-03 8.388608000000000402e+02
2.606920705329947463e+00 1.766204833984375000e-03 8.388608000000000402e+02
2.606920705329945687e+00 2.197980880737304688e-03 8.388608000000000402e+02
2.606920705329947463e+00 1.841783523559570312e-03 8.388608000000000402e+02
2.606920705329945687e+00 1.739978790283203125e-03 8.388608000000000402e+02
2.606920705329947463e+00 1.880168914794921875e-03 8.388608000000000402e+02
2.606920705329945687e+00 5.499839782714843750e-03 8.388608000000000402e+02
2.606920705329947463e+00 3.630876541137695312e-03 8.388608000000000402e+02
2.606920705329945687e+00 3.839969635009765625e-03 8.388608000000000402e+02
2.606920705329947463e+00 1.972198486328125000e-03 8.388608000000000402e+02
2.606920705329945687e+00 8.759737014770507812e-03 8.388608000000000402e+02
2.606920705329947463e+00 3.135919570922851562e-03 8.388608000000000402e+02
2.606920705329945687e+00 1.822948455810546875e-03 8.388608000000000402e+02
2.606920705329947463e+00 3.129959106445312500e-03 8.388608000000000402e+02
2.606920705329945687e+00 5.480766296386718750e-03 8.388608000000000402e+02
2.606920705329947463e+00 2.398252487182617188e-03 8.388608000000000402e+02
2.606920705329945687e+00 3.233194351196289062e-03 8.388608000000000402e+02
2.606920705329947463e+00 2.989053726196289062e-03 8.388608000000000402e+02
2.606920705329945687e+00 3.132343292236328125e-03 8.388608000000000402e+02
2.606920705329947463e+00 4.190206527709960938e-03 8.388608000000000402e+02
2.606920705329945687e+00 3.228902816772460938e-03 8.388608000000000402e+02
2.606920705329947463e+00 3.067016601562500000e-03 8.388608000000000402e+02
2.606920705329945687e+00 3.625869750976562500e-03 8.388608000000000402e+02
2.606920705329947463e+00 3.280162811279296875e-03 8.388608000000000402e+02
2.606920705329945687e+00 7.017374038696289062e-03 8.388608000000000402e+02
2.606920705329947463e+00 2.910852432250976562e-03 8.388608000000000402e+02
2.606920705329945687e+00 3.040075302124023438e-03 8.388608000000000402e+02
2.606920705329947463e+00 2.536058425903320312e-03 8.388608000000000402e+02
2.606920705329945687e+00 3.312826156616210938e-03 8.388608000000000402e+02
2.606920705329947463e+00 4.755020141601562500e-03 8.388608000000000402e+02
2.606920705329945687e+00 3.145933151245117188e-03 8.388608000000000402e+02
2.606920705329947463e+00 3.119945526123046875e-03 8.388608000000000402e+02
2.606920705329945687e+00 3.225088119506835938e-03 8.388608000000000402e+02
2.606920705329947463e+00 4.179954528808593750e-03 8.388608000000000402e+02
2.606920705329945687e+00 4.446983337402343750e-03 8.388608000000000402e+02
2.606920705329947463e+00 3.154039382934570312e-03 8.388608000000000402e+02
2.606920705329945687e+00 3.836154937744140625e-03 8.388608000000000402e+02
2.606920705329947463e+00 3.462791442871093750e-03 8.388608000000000402e+02
2.606920705329945687e+00 5.750894546508789062e-03 8.388608000000000402e+02
2.606920705329947463e+00 3.110885620117187500e-03 8.388608000000000402e+02
2.606920705329945687e+00 2.223968505859375000e-03 8.388608000000000402e+02
2.606920705329947463e+00 2.310752868652343750e-03 8.388608000000000402e+02
2.606920705329945687e+00 3.193855285644531250e-03 8.388608000000000402e+02
2.606920705329947463e+00 4.554033279418945312e-03 8.388608000000000402e+02
2.606920705329945687e+00 1.706123352050781250e-03 8.388608000000000402e+02
2.606920705329947463e+00 3.747940063476562500e-03 8.388608000000000402e+02
2.606920705329945687e+00 5.404949188232421875e-03 8.388608000000000402e+02
2.606920705329947463e+00 1.001596450805664062e-02 8.388608000000000402e+02
2.606920705329945687e+00 2.696990966796875000e-03 8.388608000000000402e+02
2.606920705329947463e+00 2.875089645385742188e-03 8.388608000000000402e+02
2.606920705329945687e+00 4.286050796508789062e-03 8.388608000000000402e+02
2.606920705329947463e+00 4.316091537475585938e-03 8.388608000000000402e+02
2.606920705329945687e+00 1.879692077636718750e-03 8.388608000000000402e+02
2.606920705329947463e+00 1.865863800048828125e-03 8.388608000000000402e+02
2.606920705329945687e+00 1.781940460205078125e-03 8.388608000000000402e+02
2.606920705329947463e+00 1.736879348754882812e-03 8.388608000000000402e+02
2.606920705329945687e+00 2.291917800903320312e-03 8.388608000000000402e+02
2.606920705329947463e+00 2.778792381286621094e-02 8.388608000000000402e+02
2.606920705329945687e+00 3.084182739257812500e-03 8.388608000000000402e+02
2.606920705329947463e+00 4.044055938720703125e-03 8.388608000000000402e+02
2.606920705329945687e+00 3.151893615722656250e-03 8.388608000000000402e+02
2.606920705329947463e+00 1.754045486450195312e-03 8.388608000000000402e+02
2.606920705329945687e+00 2.719163894653320312e-03 8.388608000000000402e+02
2.606920705329947463e+00 1.874923706054687500e-03 8.388608000000000402e+02
2.606920705329945687e+00 1.947164535522460938e-03 8.388608000000000402e+02
2.606920705329947463e+00 1.853942871093750000e-03 8.388608000000000402e+02
2.606920705329945687e+00 3.974914550781250000e-03 8.388608000000000402e+02
2.606920705329947463e+00 3.297090530395507812e-03 8.388608000000000402e+02
2.606920705329945687e+00 2.774000167846679688e-03 8.388608000000000402e+02
2.606920705329947463e+00 1.886844635009765625e-03 8.388608000000000402e+02
2.606920705329945687e+00 4.473924636840820312e-03 8.388608000000000402e+02
2.606920705329947463e+00 7.509946823120117188e-03 8.388608000000000402e+02
2.606920705329945687e+00 3.426074981689453125e-03 8.388608000000000402e+02
2.606920705329947463e+00 3.314733505249023438e-03 8.388608000000000402e+02
2.606920705329945687e+00 3.457069396972656250e-03 8.388608000000000402e+02
2.606920705329947463e+00 2.635002136230468750e-03 8.388608000000000402e+02
2.606920705329945687e+00 4.712820053100585938e-03 8.388608000000000402e+02
2.606920705329947463e+00 3.091096878051757812e-03 8.388608000000000402e+02
2.606920705329945687e+00 1.770257949829101562e-03 8.388608000000000402e+02
2.606920705329947463e+00 2.662181854248046875e-03 8.388608000000000402e+02
2.606920705329945687e+00 3.549098968505859375e-03 8.388608000000000402e+02
2.606920705329947463e+00 4.028320312500000000e-03 8.388608000000000402e+02
2.606920705329945687e+00 1.869678497314453125e-03 8.388608000000000402e+02
2.606920705329947463e+00 4.037857055664062500e-03 8.388608000000000402e+02
2.606920705329945687e+00 3.310203552246093750e-03 8.388608000000000402e+02
2.606920705329947463e+00 4.733085632324218750e-03 8.388608000000000402e+02
2.606920705329945687e+00 2.803087234497070312e-03 8.388608000000000402e+02
2.606920705329947463e+00 2.777814865112304688e-03 8.388608000000000402e+02
2.606920705329945687e+00 3.151893615722656250e-03 8.388608000000000402e+02
2.606920705329947463e+00 3.058910369873046875e-03 8.388608000000000402e+02
2.606920705329945687e+00 2.989053726196289062e-03 8.388608000000000402e+02
2.606920705329947463e+00 4.955053329467773438e-03 8.388608000000000402e+02
2.606920705329945687e+00 1.921653747558593750e-03 8.388608000000000402e+02
2.606920705329947463e+00 1.800060272216796875e-03 8.388608000000000402e+02
2.606920705329945687e+00 3.312110900878906250e-03 8.388608000000000402e+02
2.606920705329947463e+00 2.970695495605468750e-03 8.388608000000000402e+02
2.606920705329945687e+00 6.892204284667968750e-03 8.388608000000000402e+02
2.606920705329947463e+00 3.313302993774414062e-03 8.388608000000000402e+02
2.606920705329945687e+00 3.259181976318359375e-03 8.388608000000000402e+02
2.606920705329947463e+00 3.178119659423828125e-03 8.388608000000000402e+02
2.606920705329945687e+00 2.479076385498046875e-03 8.388608000000000402e+02
2.606920705329947463e+00 5.693197250366210938e-03 8.388608000000000402e+02
2.606920705329945687e+00 3.225088119506835938e-03 8.388608000000000402e+02
2.606920705329947463e+00 2.865076065063476562e-03 8.388608000000000402e+02
2.606920705329945687e+00 2.846956253051757812e-03 8.388608000000000402e+02
2.606920705329947463e+00 7.759094238281250000e-03 8.388608000000000402e+02
2.606920705329945687e+00 3.245115280151367188e-03 8.388608000000000402e+02
2.606920705329947463e+00 3.254890441894531250e-03 8.388608000000000402e+02
2.606920705329945687e+00 3.471136093139648438e-03 8.388608000000000402e+02
2.606920705329947463e+00 8.593320846557617188e-03 8.388608000000000402e+02
2.606920705329945687e+00 3.278017044067382812e-03 8.388608000000000402e+02
2.606920705329947463e+00 3.223180770874023438e-03 8.388608000000000402e+02
2.606920705329945687e+00 3.689050674438476562e-03 8.388608000000000402e+02
2.606920705329947463e+00 3.520011901855468750e-03 8.388608000000000402e+02
2.606920705329945687e+00 5.398035049438476562e-03 8.388608000000000402e+02
2.606920705329947463e+00 4.851102828979492188e-03 8.388608000000000402e+02
2.606920705329945687e+00 2.418279647827148438e-03 8.388608000000000402e+02
2.606920705329947463e+00 4.840850830078125000e-03 8.388608000000000402e+02
2.606920705329945687e+00 4.394054412841796875e-03 8.388608000000000402e+02
2.606920705329947463e+00 3.169059753417968750e-03 8.388608000000000402e+02
2.606920705329945687e+00 3.383636474609375000e-03 8.388608000000000402e+02
2.606920705329947463e+00 3.867149353027343750e-03 8.388608000000000402e+02
2.606920705329945687e+00 5.801439285278320312e-03 8.388608000000000402e+02
2.606920705329947463e+00 1.888036727905273438e-03 8.388608000000000402e+02
2.606920705329945687e+00 2.242088317871093750e-03 8.388608000000000402e+02
2.606920705329947463e+00 2.516984939575195312e-03 8.388608000000000402e+02
2.606920705329945687e+00 3.585815429687500000e-03 8.388608000000000402e+02
2.606920705329947463e+00 7.547140121459960938e-03 8.388608000000000402e+02
2.606920705329945687e+00 2.489805221557617188e-03 8.388608000000000402e+02
2.606920705329947463e+00 2.879142761230468750e-03 8.388608000000000402e+02
2.606920705329945687e+00 2.068042755126953125e-03 8.388608000000000402e+02
2.606920705329947463e+00 7.169961929321289062e-03 8.388608000000000402e+02
2.606920705329945687e+00 2.287387847900390625e-02 8.388608000000000402e+02
2.606920705329947463e+00 1.421308517456054688e-02 8.388608000000000402e+02
2.606920705329945687e+00 2.770805358886718750e-02 8.388608000000000402e+02
2.606920705329947463e+00 1.472520828247070312e-02 8.388608000000000402e+02
2.606920705329945687e+00 1.024413108825683594e-02 8.388608000000000402e+02
2.606920705329947463e+00 4.986596107482910156e-02 8.388608000000000402e+02
2.606920705329945687e+00 7.955789566040039062e-03 8.388608000000000402e+02
2.606920705329947463e+00 5.456209182739257812e-03 8.388608000000000402e+02
2.606920705329945687e+00 5.992889404296875000e-03 8.388608000000000402e+02
2.606920705329947463e+00 7.708072662353515625e-03 8.388608000000000402e+02
2.606920705329945687e+00 6.357908248901367188e-03 8.388608000000000402e+02
2.606920705329947463e+00 7.725954055786132812e-03 8.388608000000000402e+02
2.606920705329945687e+00 2.333903312683105469e-02 8.388608000000000402e+02
2.606920705329947463e+00 1.000499725341796875e-02 8.388608000000000402e+02
2.606920705329945687e+00 6.696939468383789062e-03 8.388608000000000402e+02
2.606920705329947463e+00 7.947683334350585938e-03 8.388608000000000402e+02
2.606920705329945687e+00 6.748914718627929688e-03 8.388608000000000402e+02
2.606920705329947463e+00 3.624200820922851562e-03 8.388608000000000402e+02
2.606920705329945687e+00 6.503820419311523438e-03 8.388608000000000402e+02
2.606920705329947463e+00 3.091812133789062500e-03 8.388608000000000402e+02
2.606920705329945687e+00 5.394220352172851562e-03 8.388608000000000402e+02
2.606920705329947463e+00 6.854295730590820312e-03 8.388608000000000402e+02
2.606920705329945687e+00 4.069089889526367188e-03 8.388608000000000402e+02
2.606920705329947463e+00 5.429029464721679688e-03 8.388608000000000402e+02
2.606920705329945687e+00 4.322052001953125000e-03 8.388608000000000402e+02
2.606920705329947463e+00 5.810976028442382812e-03 8.388608000000000402e+02
2.606920705329945687e+00 5.449295043945312500e-03 8.388608000000000402e+02
2.606920705329947463e+00 4.289865493774414062e-03 8.388608000000000402e+02
2.606920705329945687e+00 6.987810134887695312e-03 8.388608000000000402e+02
2.606920705329947463e+00 6.212234497070312500e-03 8.388608000000000402e+02
2.606920705329945687e+00 6.248950958251953125e-03 8.388608000000000402e+02
2.606920705329947463e+00 5.775213241577148438e-03 8.388608000000000402e+02
2.606920705329945687e+00 4.842996597290039062e-03 8.388608000000000402e+02
2.606920705329947463e+00 6.190061569213867188e-03 8.388608000000000402e+02
2.606920705329945687e+00 4.734992980957031250e-03 8.388608000000000402e+02
2.606920705329947463e+00 4.883050918579101562e-03 8.388608000000000402e+02
2.606920705329945687e+00 6.175041198730468750e-03 8.388608000000000402e+02
2.606920705329947463e+00 8.548974990844726562e-03 8.388608000000000402e+02
2.606920705329945687e+00 3.945112228393554688e-03 8.388608000000000402e+02
2.606920705329947463e+00 4.014968872070312500e-03 8.388608000000000402e+02
2.606920705329945687e+00 3.376960754394531250e-03 8.388608000000000402e+02
2.606920705329947463e+00 3.712892532348632812e-03 8.388608000000000402e+02
2.606920705329945687e+00 5.869150161743164062e-03 8.388608000000000402e+02
2.606920705329947463e+00 4.669904708862304688e-03 8.388608000000000402e+02
2.606920705329945687e+00 5.977869033813476562e-03 8.388608000000000402e+02
2.606920705329947463e+00 8.078813552856445312e-03 8.388608000000000402e+02
2.606920705329945687e+00 8.586168289184570312e-03 8.388608000000000402e+02
2.606920705329947463e+00 4.365205764770507812e-03 8.388608000000000402e+02
2.606920705329945687e+00 3.256797790527343750e-03 8.388608000000000402e+02
2.606920705329947463e+00 3.768920898437500000e-03 8.388608000000000402e+02
2.606920705329945687e+00 2.807140350341796875e-03 8.388608000000000402e+02
2.606920705329947463e+00 3.018856048583984375e-03 8.388608000000000402e+02
2.606920705329945687e+00 3.633975982666015625e-03 8.388608000000000402e+02
2.606920705329947463e+00 3.129005432128906250e-03 8.388608000000000402e+02
2.606920705329945687e+00 3.988981246948242188e-03 8.388608000000000402e+02
2.606920705329947463e+00 3.087997436523437500e-03 8.388608000000000402e+02
2.606920705329945687e+00 4.084348678588867188e-03 8.388608000000000402e+02
2.606920705329947463e+00 3.710985183715820312e-03 8.388608000000000402e+02
2.606920705329945687e+00 8.356809616088867188e-03 8.388608000000000402e+02
2.606920705329947463e+00 3.938198089599609375e-03 8.388608000000000402e+02
2.606920705329945687e+00 1.935720443725585938e-03 8.388608000000000402e+02
2.606920705329947463e+00 3.499984741210937500e-03 8.388608000000000402e+02
2.606920705329945687e+00 4.466056823730468750e-03 8.388608000000000402e+02
2.606920705329947463e+00 2.069950103759765625e-03 8.388608000000000402e+02
2.606920705329945687e+00 2.881050109863281250e-03 8.388608000000000402e+02
2.606920705329947463e+00 2.667903900146484375e-03 8.388608000000000402e+02
2.606920705329945687e+00 2.556800842285156250e-03 8.388608000000000402e+02
2.606920705329947463e+00 4.378795623779296875e-03 8.388608000000000402e+02
2.606920705329945687e+00 3.411054611206054688e-03 8.388608000000000402e+02
2.606920705329947463e+00 3.233909606933593750e-03 8.388608000000000402e+02
2.606920705329945687e+00 1.124882698059082031e-02 8.388608000000000402e+02
2.606920705329947463e+00 7.875919342041015625e-03 8.388608000000000402e+02
2.606920705329945687e+00 5.454301834106445312e-03 8.388608000000000402e+02
2.606920705329947463e+00 3.772020339965820312e-03 8.388608000000000402e+02
2.606920705329945687e+00 2.368927001953125000e-03 8.388608000000000402e+02
2.606920705329947463e+00 3.545045852661132812e-03 8.388608000000000402e+02
2.606920705329945687e+00 2.388954162597656250e-03 8.388608000000000402e+02
2.606920705329947463e+00 3.190755844116210938e-03 8.388608000000000402e+02
2.606920705329945687e+00 4.500150680541992188e-03 8.388608000000000402e+02
2.606920705329947463e+00 2.463817596435546875e-03 8.388608000000000402e+02
2.606920705329945687e+00 3.208160400390625000e-03 8.388608000000000402e+02
2.606920705329947463e+00 5.904912948608398438e-03 8.388608000000000402e+02
2.606920705329945687e+00 7.676124572753906250e-03 8.388608000000000402e+02
2.606920705329947463e+00 5.222082138061523438e-03 8.388608000000000402e+02
2.606920705329945687e+00 4.370927810668945312e-03 8.388608000000000402e+02
2.606920705329947463e+00 5.218029022216796875e-03 8.388608000000000402e+02
2.606920705329945687e+00 3.032207489013671875e-03 8.388608000000000402e+02
2.606920705329947463e+00 4.020929336547851562e-03 8.388608000000000402e+02
2.606920705329945687e+00 4.094362258911132812e-03 8.388608000000000402e+02
2.606920705329947463e+00 5.598783493041992188e-03 8.388608000000000402e+02
2.606920705329945687e+00 2.377033233642578125e-03 8.388608000000000402e+02
2.606920705329947463e+00 4.686117172241210938e-03 8.388608000000000402e+02
2.606920705329945687e+00 1.247882843017578125e-02 8.388608000000000402e+02
2.606920705329947463e+00 1.978278160095214844e-02 8.388608000000000402e+02
2.606920705329945687e+00 7.526159286499023438e-03 8.388608000000000402e+02
2.606920705329947463e+00 7.282733917236328125e-03 8.388608000000000402e+02
2.606920705329945687e+00 7.288694381713867188e-03 8.388608000000000402e+02
2.606920705329947463e+00 1.090312004089355469e-02 8.388608000000000402e+02
2.606920705329945687e+00 9.638071060180664062e-03 8.388608000000000402e+02
2.606920705329947463e+00 3.309965133666992188e-03 8.388608000000000402e+02
2.606920705329945687e+00 3.807067871093750000e-03 8.388608000000000402e+02
2.606920705329947463e+00 2.753973007202148438e-03 8.388608000000000402e+02
2.606920705329945687e+00 4.457950592041015625e-03 8.388608000000000402e+02
2.606920705329947463e+00 3.540039062500000000e-03 8.388608000000000402e+02
2.606920705329945687e+00 2.431392669677734375e-03 8.388608000000000402e+02
2.606920705329947463e+00 3.451108932495117188e-03 8.388608000000000402e+02
2.606920705329945687e+00 2.251863479614257812e-03 8.388608000000000402e+02
2.606920705329947463e+00 4.377126693725585938e-03 8.388608000000000402e+02
2.606920705329945687e+00 5.451917648315429688e-03 8.388608000000000402e+02
2.606920705329947463e+00 9.300947189331054688e-03 8.388608000000000402e+02
2.606920705329945687e+00 3.487110137939453125e-03 8.388608000000000402e+02
2.606920705329947463e+00 2.933025360107421875e-03 8.388608000000000402e+02
2.606920705329945687e+00 4.087924957275390625e-03 8.388608000000000402e+02
2.606920705329947463e+00 2.483844757080078125e-03 8.388608000000000402e+02
2.606920705329945687e+00 1.903057098388671875e-03 8.388608000000000402e+02
2.606920705329947463e+00 3.255128860473632812e-03 8.388608000000000402e+02
2.606920705329945687e+00 4.033088684082031250e-03 8.388608000000000402e+02
2.606920705329947463e+00 2.207994461059570312e-03 8.388608000000000402e+02
2.606920705329945687e+00 3.787040710449218750e-03 8.388608000000000402e+02
2.606920705329947463e+00 2.327919006347656250e-03 8.388608000000000402e+02
2.606920705329945687e+00 3.713130950927734375e-03 8.388608000000000402e+02
2.606920705329947463e+00 4.198312759399414062e-03 8.388608000000000402e+02
2.606920705329945687e+00 6.682872772216796875e-03 8.388608000000000402e+02
2.606920705329947463e+00 5.418062210083007812e-03 8.388608000000000402e+02
2.606920705329945687e+00 7.325887680053710938e-03 8.388608000000000402e+02
2.606920705329947463e+00 3.703117370605468750e-03 8.388608000000000402e+02
2.606920705329945687e+00 2.031087875366210938e-03 8.388608000000000402e+02
2.606920705329947463e+00 2.192974090576171875e-03 8.388608000000000402e+02
2.606920705329945687e+00 4.391908645629882812e-03 8.388608000000000402e+02
2.606920705329947463e+00 2.728939056396484375e-03 8.388608000000000402e+02
2.606920705329945687e+00 3.104925155639648438e-03 8.388608000000000402e+02
2.606920705329947463e+00 2.551794052124023438e-03 8.388608000000000402e+02
2.606920705329945687e+00 1.969099044799804688e-03 8.388608000000000402e+02
2.606920705329947463e+00 2.370834350585937500e-03 8.388608000000000402e+02
2.606920705329945687e+00 4.417896270751953125e-03 8.388608000000000402e+02
2.606920705329947463e+00 2.315759658813476562e-03 8.388608000000000402e+02
2.606920705329945687e+00 3.783941268920898438e-03 8.388608000000000402e+02
2.606920705329947463e+00 1.127696037292480469e-02 8.388608000000000402e+02
2.606920705329945687e+00 4.644155502319335938e-03 8.388608000000000402e+02
2.606920705329947463e+00 4.438877105712890625e-03 8.388608000000000402e+02
2.606920705329945687e+00 4.554986953735351562e-03 8.388608000000000402e+02
2.606920705329947463e+00 3.399848937988281250e-03 8.388608000000000402e+02
2.606920705329945687e+00 2.204179763793945312e-03 8.388608000000000402e+02
2.606920705329947463e+00 3.448009490966796875e-03 8.388608000000000402e+02
2.606920705329945687e+00 2.048015594482421875e-03 8.388608000000000402e+02
2.606920705329947463e+00 2.646923065185546875e-03 8.388608000000000402e+02
2.606920705329945687e+00 3.859043121337890625e-03 8.388608000000000402e+02
2.606920705329947463e+00 2.870082855224609375e-03 8.388608000000000402e+02
2.606920705329945687e+00 2.984046936035156250e-03 8.388608000000000402e+02
2.606920705329947463e+00 4.894971847534179688e-03 8.388608000000000402e+02
2.606920705329945687e+00 6.666183471679687500e-03 8.388608000000000402e+02
2.606920705329947463e+00 6.365060806274414062e-03 8.388608000000000402e+02
2.606920705329945687e+00 2.356052398681640625e-03 8.388608000000000402e+02
2.606920705329947463e+00 2.166032791137695312e-03 8.388608000000000402e+02
2.606920705329945687e+00 3.829956054687500000e-03 8.388608000000000402e+02
2.606920705329947463e+00 3.473043441772460938e-03 8.388608000000000402e+02
2.606920705329945687e+00 3.458023071289062500e-03 8.388608000000000402e+02
2.606920705329947463e+00 2.759933471679687500e-03 8.388608000000000402e+02
2.606920705329945687e+00 4.583835601806640625e-03 8.388608000000000402e+02
2.606920705329947463e+00 4.344940185546875000e-03 8.388608000000000402e+02
2.606920705329945687e+00 2.197027206420898438e-03 8.388608000000000402e+02
2.606920705329947463e+00 3.737211227416992188e-03 8.388608000000000402e+02
2.606920705329945687e+00 3.147125244140625000e-03 8.388608000000000402e+02
2.606920705329947463e+00 3.340005874633789062e-03 8.388608000000000402e+02
2.606920705329945687e+00 7.316112518310546875e-03 8.388608000000000402e+02
2.606920705329947463e+00 3.357172012329101562e-03 8.388608000000000402e+02
2.606920705329945687e+00 2.259969711303710938e-03 8.388608000000000402e+02
2.606920705329947463e+00 5.686998367309570312e-03 8.388608000000000402e+02
2.606920705329945687e+00 3.824949264526367188e-03 8.388608000000000402e+02
2.606920705329947463e+00 2.907752990722656250e-03 8.388608000000000402e+02
2.606920705329945687e+00 3.443956375122070312e-03 8.388608000000000402e+02
2.606920705329947463e+00 2.192974090576171875e-03 8.388608000000000402e+02
2.606920705329945687e+00 3.940105438232421875e-03 8.388608000000000402e+02
2.606920705329947463e+00 3.351688385009765625e-03 8.388608000000000402e+02
2.606920705329945687e+00 5.767822265625000000e-03 8.388608000000000402e+02
2.606920705329947463e+00 1.023793220520019531e-02 8.388608000000000402e+02
2.606920705329945687e+00 6.699085235595703125e-03 8.388608000000000402e+02
2.606920705329947463e+00 3.525972366333007812e-03 8.388608000000000402e+02
2.606920705329945687e+00 2.941131591796875000e-03 8.388608000000000402e+02
2.606920705329947463e+00 3.555059432983398438e-03 8.388608000000000402e+02
2.606920705329945687e+00 1.981735229492187500e-03 8.388608000000000402e+02
2.606920705329947463e+00 2.851963043212890625e-03 8.388608000000000402e+02
2.606920705329945687e+00 2.369880676269531250e-03 8.388608000000000402e+02
2.606920705329947463e+00 1.907110214233398438e-03 8.388608000000000402e+02
2.606920705329945687e+00 1.972913742065429688e-03 8.388608000000000402e+02
2.606920705329947463e+00 3.419160842895507812e-03 8.388608000000000402e+02
2.606920705329945687e+00 3.012895584106445312e-03 8.388608000000000402e+02
2.606920705329947463e+00 2.008199691772460938e-03 8.388608000000000402e+02
2.606920705329945687e+00 4.098892211914062500e-03 8.388608000000000402e+02
2.606920705329947463e+00 3.363847732543945312e-03 8.388608000000000402e+02
2.606920705329945687e+00 4.976034164428710938e-03 8.388608000000000402e+02
2.606920705329947463e+00 4.743099212646484375e-03 8.388608000000000402e+02
2.606920705329945687e+00 1.939296722412109375e-03 8.388608000000000402e+02
2.606920705329947463e+00 3.297090530395507812e-03 8.388608000000000402e+02
2.606920705329945687e+00 2.321004867553710938e-03 8.388608000000000402e+02
2.606920705329947463e+00 3.890991210937500000e-03 8.388608000000000402e+02
2.606920705329945687e+00 4.929065704345703125e-03 8.388608000000000402e+02
2.606920705329947463e+00 2.701044082641601562e-03 8.388608000000000402e+02
2.606920705329945687e+00 3.514051437377929688e-03 8.388608000000000402e+02
2.606920705329947463e+00 2.259969711303710938e-03 8.388608000000000402e+02
2.606920705329945687e+00 3.611803054809570312e-03 8.388608000000000402e+02
2.606920705329947463e+00 2.606153488159179688e-03 8.388608000000000402e+02
2.606920705329945687e+00 2.190828323364257812e-03 8.388608000000000402e+02
2.606920705329947463e+00 3.041982650756835938e-03 8.388608000000000402e+02
2.606920705329945687e+00 5.345106124877929688e-03 8.388608000000000402e+02
2.606920705329947463e+00 4.420995712280273438e-03 8.388608000000000402e+02
2.606920705329945687e+00 3.479957580566406250e-03 8.388608000000000402e+02
2.606920705329947463e+00 2.017021179199218750e-03 8.388608000000000402e+02
2.606920705329945687e+00 2.083063125610351562e-03 8.388608000000000402e+02
2.606920705329947463e+00 3.490924835205078125e-03 8.388608000000000402e+02
2.606920705329945687e+00 4.284143447875976562e-03 8.388608000000000402e+02
2.606920705329947463e+00 5.059957504272460938e-03 8.388608000000000402e+02
2.606920705329945687e+00 2.895832061767578125e-03 8.388608000000000402e+02
2.606920705329947463e+00 3.393888473510742188e-03 8.388608000000000402e+02
2.606920705329945687e+00 4.300832748413085938e-03 8.388608000000000402e+02
2.606920705329947463e+00 4.446744918823242188e-03 8.388608000000000402e+02
2.606920705329945687e+00 3.593206405639648438e-03 8.388608000000000402e+02
2.606920705329947463e+00 5.986928939819335938e-03 8.388608000000000402e+02
2.606920705329945687e+00 6.051063537597656250e-03 8.388608000000000402e+02
2.606920705329947463e+00 2.767801284790039062e-03 8.388608000000000402e+02
2.606920705329945687e+00 3.253936767578125000e-03 8.388608000000000402e+02
2.606920705329947463e+00 2.940177917480468750e-03 8.388608000000000402e+02
2.606920705329945687e+00 2.308845520019531250e-03 8.388608000000000402e+02
2.606920705329947463e+00 3.814935684204101562e-03 8.388608000000000402e+02
2.606920705329945687e+00 2.818822860717773438e-03 8.388608000000000402e+02
2.606920705329947463e+00 2.640008926391601562e-03 8.388608000000000402e+02
2.606920705329945687e+00 4.362821578979492188e-03 8.388608000000000402e+02
2.606920705329947463e+00 3.614902496337890625e-03 8.388608000000000402e+02
2.606920705329945687e+00 4.250288009643554688e-03 8.388608000000000402e+02
2.606920705329947463e+00 2.454996109008789062e-03 8.388608000000000402e+02
2.606920705329945687e+00 5.279302597045898438e-03 8.388608000000000402e+02
2.606920705329947463e+00 3.088951110839843750e-03 8.388608000000000402e+02
2.606920705329945687e+00 4.565000534057617188e-03 8.388608000000000402e+02
2.606920705329947463e+00 3.707885742187500000e-03 8.388608000000000402e+02
2.606920705329945687e+00 3.251791000366210938e-03 8.388608000000000402e+02
2.606920705329947463e+00 2.542018890380859375e-03 8.388608000000000402e+02
2.606920705329945687e+00 1.977920532226562500e-03 8.388608000000000402e+02
2.606920705329947463e+00 3.005027770996093750e-03 8.388608000000000402e+02
2.606920705329945687e+00 3.436088562011718750e-03 8.388608000000000402e+02
2.606920705329947463e+00 2.064704895019531250e-03 8.388608000000000402e+02
2.606920705329945687e+00 1.950979232788085938e-03 8.388608000000000402e+02
2.606920705329947463e+00 3.221035003662109375e-03 8.388608000000000402e+02
2.606920705329945687e+00 1.976013183593750000e-03 8.388608000000000402e+02
2.606920705329947463e+00 2.079010009765625000e-03 8.388608000000000402e+02
2.606920705329945687e+00 3.110885620117187500e-03 8.388608000000000402e+02
2.606920705329947463e+00 3.048896789550781250e-03 8.388608000000000402e+02
2.606920705329945687e+00 2.035856246948242188e-03 8.388608000000000402e+02
2.606920705329947463e+00 3.304004669189453125e-03 8.388608000000000402e+02
2.606920705329945687e+00 3.706932067871093750e-03 8.388608000000000402e+02
2.606920705329947463e+00 5.352973937988281250e-03 8.388608000000000402e+02
2.606920705329945687e+00 3.201961517333984375e-03 8.388608000000000402e+02
2.606920705329947463e+00 2.796888351440429688e-03 8.388608000000000402e+02
2.606920705329945687e+00 2.754211425781250000e-03 8.388608000000000402e+02
2.606920705329947463e+00 2.644062042236328125e-03 8.388608000000000402e+02
2.606920705329945687e+00 2.974987030029296875e-03 8.388608000000000402e+02
2.606920705329947463e+00 3.468036651611328125e-03 8.388608000000000402e+02
2.606920705329945687e+00 2.040147781372070312e-03 8.388608000000000402e+02
2.606920705329947463e+00 1.939773559570312500e-03 8.388608000000000402e+02
2.606920705329945687e+00 1.813888549804687500e-03 8.388608000000000402e+02
2.606920705329947463e+00 2.788305282592773438e-03 8.388608000000000402e+02
2.606920705329945687e+00 3.565073013305664062e-03 8.388608000000000402e+02
2.606920705329947463e+00 4.948139190673828125e-03 8.388608000000000402e+02
2.606920705329945687e+00 2.148866653442382812e-03 8.388608000000000402e+02
2.606920705329947463e+00 2.735853195190429688e-03 8.388608000000000402e+02
2.606920705329945687e+00 2.300977706909179688e-03 8.388608000000000402e+02
2.606920705329947463e+00 6.116151809692382812e-03 8.388608000000000402e+02
2.606920705329945687e+00 6.772994995117187500e-03 8.388608000000000402e+02
2.606920705329947463e+00 2.208948135375976562e-03 8.388608000000000402e+02
2.606920705329945687e+00 1.972913742065429688e-03 8.388608000000000402e+02
2.606920705329947463e+00 2.547979354858398438e-03 8.388608000000000402e+02
2.606920705329945687e+00 3.202199935913085938e-03 8.388608000000000402e+02
2.606920705329947463e+00 3.692865371704101562e-03 8.388608000000000402e+02
2.606920705329945687e+00 2.123117446899414062e-03 8.388608000000000402e+02
2.606920705329947463e+00 2.614974975585937500e-03 8.388608000000000402e+02
2.606920705329945687e+00 1.832962036132812500e-03 8.388608000000000402e+02
2.606920705329947463e+00 1.994132995605468750e-03 8.388608000000000402e+02
2.606920705329945687e+00 3.475904464721679688e-03 8.388608000000000402e+02
2.606920705329947463e+00 4.382133483886718750e-03 8.388608000000000402e+02
2.606920705329945687e+00 2.051830291748046875e-03 8.388608000000000402e+02
2.606920705329947463e+00 3.367900848388671875e-03 8.388608000000000402e+02
2.606920705329945687e+00 2.101182937622070312e-03 8.388608000000000402e+02
2.606920705329947463e+00 5.672931671142578125e-03 8.388608000000000402e+02
2.606920705329945687e+00 4.853010177612304688e-03 8.388608000000000402e+02
2.606920705329947463e+00 2.010107040405273438e-03 8.388608000000000402e+02
2.606920705329945687e+00 2.744913101196289062e-03 8.388608000000000402e+02
2.606920705329947463e+00 1.947879791259765625e-03 8.388608000000000402e+02
2.606920705329945687e+00 4.061937332153320312e-03 8.388608000000000402e+02
2.606920705329947463e+00 3.675699234008789062e-03 8.388608000000000402e+02
2.606920705329945687e+00 2.503156661987304688e-03 8.388608000000000402e+02
2.606920705329947463e+00 2.222776412963867188e-03 8.388608000000000402e+02
2.606920705329945687e+00 1.841306686401367188e-03 8.388608000000000402e+02
2.606920705329947463e+00 1.825094223022460938e-03 8.388608000000000402e+02
2.606920705329945687e+00 2.919912338256835938e-03 8.388608000000000402e+02
2.606920705329947463e+00 6.817102432250976562e-03 8.388608000000000402e+02
2.606920705329945687e+00 4.006862640380859375e-03 8.388608000000000402e+02
2.606920705329947463e+00 1.681423187255859375e-02 8.388608000000000402e+02
2.606920705329945687e+00 5.157947540283203125e-03 8.388608000000000402e+02
2.606920705329947463e+00 4.192113876342773438e-03 8.388608000000000402e+02
2.606920705329945687e+00 4.429817199707031250e-03 8.388608000000000402e+02
2.606920705329947463e+00 3.548860549926757812e-03 8.388608000000000402e+02
2.606920705329945687e+00 2.296686172485351562e-03 8.388608000000000402e+02
2.606920705329947463e+00 4.825115203857421875e-03 8.388608000000000402e+02
2.606920705329945687e+00 4.155874252319335938e-03 8.388608000000000402e+02
2.606920705329947463e+00 2.458095550537109375e-03 8.388608000000000402e+02
2.606920705329945687e+00 2.145051956176757812e-03 8.388608000000000402e+02
2.606920705329947463e+00 2.477169036865234375e-03 8.388608000000000402e+02
2.606920705329945687e+00 4.752874374389648438e-03 8.388608000000000402e+02
2.606920705329947463e+00 6.757974624633789062e-03 8.388608000000000402e+02
2.606920705329945687e+00 2.888202667236328125e-03 8.388608000000000402e+02
2.606920705329947463e+00 1.937150955200195312e-03 8.388608000000000402e+02
2.606920705329945687e+00 2.241134643554687500e-03 8.388608000000000402e+02
2.606920705329947463e+00 3.461837768554687500e-03 8.388608000000000402e+02
2.606920705329945687e+00 4.276037216186523438e-03 8.388608000000000402e+02
2.606920705329947463e+00 2.165079116821289062e-03 8.388608000000000402e+02
2.606920705329945687e+00 2.720117568969726562e-03 8.388608000000000402e+02
2.606920705329947463e+00 1.854896545410156250e-03 8.388608000000000402e+02
2.606920705329945687e+00 1.966714859008789062e-03 8.388608000000000402e+02
2.606920705329947463e+00 3.310918807983398438e-03 8.388608000000000402e+02
2.606920705329945687e+00 5.183935165405273438e-03 8.388608000000000402e+02
2.606920705329947463e+00 4.095077514648437500e-03 8.388608000000000402e+02
2.606920705329945687e+00 2.191066741943359375e-03 8.388608000000000402e+02
2.606920705329947463e+00 3.384113311767578125e-03 8.388608000000000402e+02
2.606920705329945687e+00 6.405830383300781250e-03 8.388608000000000402e+02
2.606920705329947463e+00 2.465963363647460938e-03 8.388608000000000402e+02
2.606920705329945687e+00 2.425909042358398438e-03 8.388608000000000402e+02
2.606920705329947463e+00 1.957178115844726562e-03 8.388608000000000402e+02
2.606920705329945687e+00 2.151012420654296875e-03 8.388608000000000402e+02
2.606920705329947463e+00 2.711772918701171875e-03 8.388608000000000402e+02
2.606920705329945687e+00 2.727985382080078125e-03 8.388608000000000402e+02
2.606920705329947463e+00 2.137660980224609375e-03 8.388608000000000402e+02
2.606920705329945687e+00 1.839160919189453125e-03 8.388608000000000402e+02
2.606920705329947463e+00 1.880884170532226562e-03 8.388608000000000402e+02
2.606920705329945687e+00 1.848220825195312500e-03 8.388608000000000402e+02
2.606920705329947463e+00 1.879692077636718750e-03 8.388608000000000402e+02
2.606920705329945687e+00 1.968145370483398438e-03 8.388608000000000402e+02
2.606920705329947463e+00 2.398967742919921875e-03 8.388608000000000402e+02
2.606920705329945687e+00 3.151178359985351562e-03 8.388608000000000402e+02
2.606920705329947463e+00 3.262042999267578125e-03 8.388608000000000402e+02
2.606920705329945687e+00 3.274917602539062500e-03 8.388608000000000402e+02
2.606920705329947463e+00 3.037929534912109375e-03 8.388608000000000402e+02
2.606920705329945687e+00 2.713680267333984375e-03 8.388608000000000402e+02
2.606920705329947463e+00 3.745079040527343750e-03 8.388608000000000402e+02
2.606920705329945687e+00 3.133058547973632812e-03 8.388608000000000402e+02
2.606920705329947463e+00 3.347158432006835938e-03 8.388608000000000402e+02
2.606920705329945687e+00 2.825021743774414062e-03 8.388608000000000402e+02
2.606920705329947463e+00 2.609968185424804688e-03 8.388608000000000402e+02
2.606920705329945687e+00 7.210969924926757812e-03 8.388608000000000402e+02
2.606920705329947463e+00 2.339124679565429688e-03 8.388608000000000402e+02
2.606920705329945687e+00 1.817941665649414062e-03 8.388608000000000402e+02
2.606920705329947463e+00 1.809835433959960938e-03 8.388608000000000402e+02
2.606920705329945687e+00 1.985073089599609375e-03 8.388608000000000402e+02
2.606920705329947463e+00 9.723901748657226562e-03 8.388608000000000402e+02
2.606920705329945687e+00 6.819963455200195312e-03 8.388608000000000402e+02
2.606920705329947463e+00 2.786159515380859375e-03 8.388608000000000402e+02
2.606920705329945687e+00 3.721952438354492188e-03 8.388608000000000402e+02
2.606920705329947463e+00 2.436876296997070312e-03 8.388608000000000402e+02
2.606920705329945687e+00 2.495050430297851562e-03 8.388608000000000402e+02
2.606920705329947463e+00 1.853942871093750000e-03 8.388608000000000402e+02
2.606920705329945687e+00 1.820087432861328125e-03 8.388608000000000402e+02
2.606920705329947463e+00 3.101825714111328125e-03 8.388608000000000402e+02
2.606920705329945687e+00 2.475976943969726562e-03 8.388608000000000402e+02
2.606920705329947463e+00 2.618074417114257812e-03 8.388608000000000402e+02
2.606920705329945687e+00 2.057790756225585938e-03 8.388608000000000402e+02
2.606920705329947463e+00 2.012014389038085938e-03 8.388608000000000402e+02
2.606920705329945687e+00 1.836061477661132812e-03 8.388608000000000402e+02
2.606920705329947463e+00 1.807689666748046875e-03 8.388608000000000402e+02
2.606920705329945687e+00 2.657890319824218750e-03 8.388608000000000402e+02
2.606920705329947463e+00 3.420352935791015625e-03 8.388608000000000402e+02
2.606920705329945687e+00 8.898973464965820312e-03 8.388608000000000402e+02
2.606920705329947463e+00 2.985954284667968750e-03 8.388608000000000402e+02
2.606920705329945687e+00 3.452062606811523438e-03 8.388608000000000402e+02
2.606920705329947463e+00 2.959728240966796875e-03 8.388608000000000402e+02
2.606920705329945687e+00 2.670288085937500000e-03 8.388608000000000402e+02
2.606920705329947463e+00 2.203941345214843750e-03 8.388608000000000402e+02
2.606920705329945687e+00 1.834869384765625000e-03 8.388608000000000402e+02
2.606920705329947463e+00 1.803874969482421875e-03 8.388608000000000402e+02
2.606920705329945687e+00 1.815795898437500000e-03 8.388608000000000402e+02
2.606920705329947463e+00 1.938819885253906250e-03 8.388608000000000402e+02
2.606920705329945687e+00 3.025054931640625000e-03 8.388608000000000402e+02
2.606920705329947463e+00 2.655982971191406250e-03 8.388608000000000402e+02
2.606920705329945687e+00 2.028942108154296875e-03 8.388608000000000402e+02
2.606920705329947463e+00 2.002954483032226562e-03 8.388608000000000402e+02
2.606920705329945687e+00 1.837968826293945312e-03 8.388608000000000402e+02
2.606920705329947463e+00 2.058744430541992188e-03 8.388608000000000402e+02
2.606920705329945687e+00 2.492904663085937500e-03 8.388608000000000402e+02
2.606920705329947463e+00 4.246950149536132812e-03 8.388608000000000402e+02
2.606920705329945687e+00 5.253791809082031250e-03 8.388608000000000402e+02
2.606920705329947463e+00 2.077102661132812500e-03 8.388608000000000402e+02
2.606920705329945687e+00 1.815080642700195312e-03 8.388608000000000402e+02
2.606920705329947463e+00 1.807928085327148438e-03 8.388608000000000402e+02
2.606920705329945687e+00 2.202272415161132812e-03 8.388608000000000402e+02
2.606920705329947463e+00 3.830909729003906250e-03 8.388608000000000402e+02
2.606920705329945687e+00 2.439975738525390625e-03 8.388608000000000402e+02
2.606920705329947463e+00 1.941919326782226562e-03 8.388608000000000402e+02
2.606920705329945687e+00 1.911878585815429688e-03 8.388608000000000402e+02
2.606920705329947463e+00 1.837968826293945312e-03 8.388608000000000402e+02
2.606920705329945687e+00 1.863002777099609375e-03 8.388608000000000402e+02
2.606920705329947463e+00 1.977682113647460938e-03 8.388608000000000402e+02
2.606920705329945687e+00 3.815889358520507812e-03 8.388608000000000402e+02
2.606920705329947463e+00 4.656076431274414062e-03 8.388608000000000402e+02
2.606920705329945687e+00 3.129959106445312500e-03 8.388608000000000402e+02
2.606920705329947463e+00 3.890275955200195312e-03 8.388608000000000402e+02
2.606920705329945687e+00 6.632089614868164062e-03 8.388608000000000402e+02
2.606920705329947463e+00 4.348278045654296875e-03 8.388608000000000402e+02
2.606920705329945687e+00 2.080917358398437500e-03 8.388608000000000402e+02
2.606920705329947463e+00 1.825094223022460938e-03 8.388608000000000402e+02
2.606920705329945687e+00 1.820087432861328125e-03 8.388608000000000402e+02
2.606920705329947463e+00 1.889944076538085938e-03 8.388608000000000402e+02
2.606920705329945687e+00 2.696037292480468750e-03 8.388608000000000402e+02
2.606920705329947463e+00 2.565145492553710938e-03 8.388608000000000402e+02
2.606920705329945687e+00 2.188682556152343750e-03 8.388608000000000402e+02
2.606920705329947463e+00 1.995086669921875000e-03 8.388608000000000402e+02
2.606920705329945687e+00 1.811027526855468750e-03 8.388608000000000402e+02
2.606920705329947463e+00 1.814126968383789062e-03 8.388608000000000402e+02
2.606920705329945687e+00 1.933097839355468750e-03 8.388608000000000402e+02
2.606920705329947463e+00 2.208948135375976562e-03 8.388608000000000402e+02
2.606920705329945687e+00 2.473831176757812500e-03 8.388608000000000402e+02
2.606920705329947463e+00 2.220153808593750000e-03 8.388608000000000402e+02
2.606920705329945687e+00 2.030849456787109375e-03 8.388608000000000402e+02
2.606920705329947463e+00 2.175807952880859375e-03 8.388608000000000402e+02
2.606920705329945687e+00 2.197980880737304688e-03 8.388608000000000402e+02
2.606920705329947463e+00 1.862049102783203125e-03 8.388608000000000402e+02
2.606920705329945687e+00 2.009868621826171875e-03 8.388608000000000402e+02
2.606920705329947463e+00 2.064943313598632812e-03 8.388608000000000402e+02
2.606920705329945687e+00 4.226207733154296875e-03 8.388608000000000402e+02
2.606920705329947463e+00 2.879858016967773438e-03 8.388608000000000402e+02
2.606920705329945687e+00 2.003908157348632812e-03 8.388608000000000402e+02
2.606920705329947463e+00 1.807689666748046875e-03 8.388608000000000402e+02
2.606920705329945687e+00 1.812934875488281250e-03 8.388608000000000402e+02
2.606920705329947463e+00 1.953125000000000000e-03 8.388608000000000402e+02
2.606920705329945687e+00 2.038955688476562500e-03 8.388608000000000402e+02
2.606920705329947463e+00 2.868175506591796875e-03 8.388608000000000402e+02
2.606920705329945687e+00 2.142906188964843750e-03 8.388608000000000402e+02
2.606920705329947463e+00 2.068996429443359375e-03 8.388608000000000402e+02
2.606920705329945687e+00 2.768754959106445312e-03 8.388608000000000402e+02
2.606920705329947463e+00 1.975059509277343750e-03 8.388608000000000402e+02
2.606920705329945687e+00 1.933097839355468750e-03 8.388608000000000402e+02
2.606920705329947463e+00 4.096984863281250000e-03 8.388608000000000402e+02
2.606920705329945687e+00 4.714012145996093750e-03 8.388608000000000402e+02
2.606920705329947463e+00 3.269910812377929688e-03 8.388608000000000402e+02
2.606920705329945687e+00 2.981901168823242188e-03 8.388608000000000402e+02
2.606920705329947463e+00 2.850055694580078125e-03 8.388608000000000402e+02
2.606920705329945687e+00 2.767086029052734375e-03 8.388608000000000402e+02
2.606920705329947463e+00 2.637147903442382812e-03 8.388608000000000402e+02
2.606920705329945687e+00 2.218961715698242188e-03 8.388608000000000402e+02
2.606920705329947463e+00 1.971006393432617188e-03 8.388608000000000402e+02
2.606920705329945687e+00 1.970052719116210938e-03 8.388608000000000402e+02
2.606920705329947463e+00 1.821041107177734375e-03 8.388608000000000402e+02
2.606920705329945687e+00 1.804113388061523438e-03 8.388608000000000402e+02
2.606920705329947463e+00 1.908063888549804688e-03 8.388608000000000402e+02
2.606920705329945687e+00 2.204895019531250000e-03 8.388608000000000402e+02
2.606920705329947463e+00 2.364873886108398438e-03 8.388608000000000402e+02
2.606920705329945687e+00 1.925945281982421875e-03 8.388608000000000402e+02
2.606920705329947463e+00 1.909017562866210938e-03 8.388608000000000402e+02
2.606920705329945687e+00 1.807689666748046875e-03 8.388608000000000402e+02
2.606920705329947463e+00 1.914024353027343750e-03 8.388608000000000402e+02
2.606920705329945687e+00 1.848697662353515625e-03 8.388608000000000402e+02
2.606920705329947463e+00 2.528905868530273438e-03 8.388608000000000402e+02
2.606920705329945687e+00 2.013921737670898438e-03 8.388608000000000402e+02
2.606920705329947463e+00 1.819849014282226562e-03 8.388608000000000402e+02
2.606920705329945687e+00 1.949787139892578125e-03 8.388608000000000402e+02
2.606920705329947463e+00 1.819849014282226562e-03 8.388608000000000402e+02
2.606920705329945687e+00 1.800298690795898438e-03 8.388608000000000402e+02
2.606920705329947463e+00 1.797199249267578125e-03 8.388608000000000402e+02
2.606920705329945687e+00 1.811981201171875000e-03 8.388608000000000402e+02
2.606920705329947463e+00 1.808881759643554688e-03 8.388608000000000402e+02
2.606920705329945687e+00 1.811981201171875000e-03 8.388608000000000402e+02
2.606920705329947463e+00 1.903295516967773438e-03 8.388608000000000402e+02
2.606920705329945687e+00 1.856088638305664062e-03 8.388608000000000402e+02
2.606920705329947463e+00 1.822233200073242188e-03 8.388608000000000402e+02
2.606920705329945687e+00 1.813888549804687500e-03 8.388608000000000402e+02
