1.841636777206099121e+12 0.000000000000000000e+00
1.772170589146991455e+12 3.731966018676757812e-03
1.705324862750676758e+12 3.135919570922851562e-03
1.641000741986049316e+12 2.138137817382812500e-03
1.579103100241338867e+12 2.172231674194335938e-03
1.519540399626427002e+12 1.984119415283203125e-03
1.462224555583252930e+12 1.956939697265625000e-03
1.407070806604025635e+12 1.899003982543945312e-03
1.353997588864566406e+12 2.046823501586914062e-03
1.302926415587319824e+12 1.974105834960937500e-03
1.253781760955627930e+12 2.088785171508789062e-03
1.206490948407529297e+12 2.455711364746093750e-03
1.160984043143885498e+12 2.043008804321289062e-03
1.117193748691820312e+12 2.253770828247070312e-03
1.075055307370484863e+12 2.390861511230468750e-03
1.034506404511933350e+12 4.254102706909179688e-03
9.954870762954208984e+11 2.151727676391601562e-03
9.579396210588137207e+11 3.727912902832031250e-03
9.218085139559370117e+11 3.308057785034179688e-03
8.870403248336063232e+11 2.197027206420898438e-03
8.535836392068955078e+11 1.901865005493164062e-03
8.213889822157380371e+11 2.196073532104492188e-03
7.904087454503978271e+11 2.958059310913085938e-03
7.605971165375672607e+11 1.912117004394531250e-03
7.319100113829428711e+11 1.873970031738281250e-03
7.043050089700665283e+11 2.023935317993164062e-03
6.777412886189737549e+11 1.903772354125976562e-03
6.521795696118725586e+11 1.863956451416015625e-03
6.275820530965327148e+11 1.878976821899414062e-03
6.039123661814577637e+11 2.655982971191406250e-03
5.811355081401636963e+11 2.316713333129882812e-03
5.592177986449735107e+11 1.885175704956054688e-03
5.381268279537782593e+11 1.865148544311523438e-03
5.178314089760750122e+11 2.410888671875000000e-03
4.983015311473856812e+11 2.418041229248046875e-03
4.795083160438335571e+11 3.534078598022460938e-03
4.614239746712236938e+11 3.285169601440429688e-03
4.440217663654559326e+11 2.159118652343750000e-03
4.272759592434761963e+11 2.008676528930664062e-03
4.111617921462770996e+11 1.864910125732421875e-03
3.956554380176494141e+11 1.870155334472656250e-03
3.807339686645207520e+11 1.868009567260742188e-03
3.663753208467598267e+11 2.100944519042968750e-03
3.525582636462896729e+11 1.954793930053710938e-03
3.392623670672432861e+11 2.517938613891601562e-03
3.264679718207224121e+11 3.204822540283203125e-03
3.141561602494630127e+11 2.120018005371093750e-03
3.023087283494074097e+11 2.234220504760742188e-03
2.909081588467981567e+11 2.098083496093750000e-03
2.799375952909701538e+11 1.900196075439453125e-03
2.693808171245277100e+11 1.861095428466796875e-03
2.592222156940264893e+11 4.132032394409179688e-03
2.494467711656825867e+11 3.508090972900390625e-03
2.400400303119641418e+11 2.317667007446289062e-03
2.309880851362083740e+11 1.909971237182617188e-03
2.222775523036503296e+11 1.932859420776367188e-03
2.138955533484381714e+11 1.895904541015625000e-03
2.058296956273622131e+11 2.318859100341796875e-03
1.980680539921225891e+11 2.574205398559570312e-03
1.905991531530321655e+11 2.361297607421875000e-03
1.834119507080664978e+11 1.954078674316406250e-03
1.764958208121586609e+11 2.175331115722656250e-03
1.698405384625888367e+11 2.480030059814453125e-03
1.634362643772199097e+11 3.033876419067382812e-03
1.572735304432181396e+11 3.990173339843750000e-03
1.513432257147330017e+11 2.242803573608398438e-03
1.456365829388274841e+11 1.900911331176757812e-03
1.401451655897300720e+11 1.858949661254882812e-03
1.348608553922292328e+11 2.487897872924804688e-03
1.297758403157598724e+11 2.351999282836914062e-03
1.248826030214208069e+11 3.239154815673828125e-03
1.201739097448388214e+11 2.876281738281250000e-03
1.156427995984340210e+11 1.943826675415039062e-03
1.112825742772657623e+11 1.955270767211914062e-03
1.070867881532319489e+11 1.935958862304687500e-03
1.030492387429720764e+11 2.043247222900390625e-03
9.916395753537406921e+10 2.110958099365234375e-03
9.542520116511915588e+10 1.897096633911132812e-03
9.182744291921063232e+10 2.188205718994140625e-03
8.836536456392256165e+10 3.078222274780273438e-03
8.503384848008175659e+10 1.991271972656250000e-03
8.182797009504998779e+10 2.119064331054687500e-03
7.874299060021324158e+10 2.349138259887695312e-03
7.577434994320677185e+10 2.737045288085937500e-03
7.291766008451145935e+10 3.633260726928710938e-03
7.016869850844734192e+10 3.445148468017578125e-03
6.752340197896751404e+10 2.015829086303710938e-03
6.497786053101627350e+10 1.971006393432617188e-03
6.252831168856507111e+10 2.078056335449218750e-03
6.017113490077438354e+10 1.986026763916015625e-03
5.790284618805285645e+10 2.038002014160156250e-03
5.572009299009415436e+10 2.120971679687500000e-03
5.361964920827309418e+10 2.487659454345703125e-03
5.159841043506723785e+10 2.358198165893554688e-03
4.965338936344921875e+10 2.093791961669921875e-03
4.778171136945987701e+10 1.885890960693359375e-03
4.598061026142857361e+10 2.014398574829101562e-03
4.424742418955413818e+10 2.036333084106445312e-03
4.257959170979651642e+10 1.950979232788085938e-03
4.097464799625756073e+10 1.916170120239257812e-03
3.943022119644915009e+10 2.428054809570312500e-03
3.794402892405800629e+10 2.362012863159179688e-03
3.651387488402032471e+10 1.998186111450195312e-03
3.513764562491407013e+10 1.957178115844726562e-03
3.381330741386669159e+10 2.480983734130859375e-03
3.253890322935549164e+10 1.938819885253906250e-03
3.131254986745327377e+10 1.887798309326171875e-03
3.013243515723977661e+10 2.172946929931640625e-03
2.899681528126015091e+10 2.527952194213867188e-03
2.790401219706768036e+10 2.213716506958007812e-03
2.685241115603728867e+10 1.965045928955078125e-03
2.584045831578009415e+10 1.965761184692382812e-03
2.486665844262826538e+10 2.230167388916015625e-03
2.392957270079147720e+10 1.978874206542968750e-03
2.302781652491612625e+10 1.927375793457031250e-03
2.216005757290013504e+10 1.945734024047851562e-03
2.132501375593616867e+10 2.174854278564453125e-03
2.052145134286956024e+10 2.315998077392578125e-03
1.974818313606742477e+10 1.899242401123046875e-03
1.900406671610122681e+10 1.876115798950195312e-03
1.828800275264665604e+10 2.051115036010742188e-03
1.759893337910306931e+10 2.022981643676757812e-03
1.693584062852815437e+10 2.635002136230468750e-03
1.629774492857518578e+10 2.835035324096679688e-03
1.568370365320663643e+10 2.135038375854492188e-03
1.509280972904250526e+10 4.256010055541992188e-03
1.452419029428197861e+10 3.357887268066406250e-03
1.397700540821539116e+10 2.021789550781250000e-03
1.345044680941772461e+10 2.668857574462890625e-03
1.294373672078728867e+10 2.501964569091796875e-03
1.245612669966225433e+10 2.081155776977539062e-03
1.198689653131452370e+10 2.439022064208984375e-03
1.153535316418456459e+10 2.228021621704101562e-03
1.110082968528241730e+10 1.947879791259765625e-03
1.068268433423973274e+10 1.942157745361328125e-03
1.028029955455475426e+10 1.934051513671875000e-03
9.893081080626979828e+09 1.961946487426757812e-03
9.520457059231552124e+09 2.062082290649414062e-03
9.161877204134021759e+09 1.955986022949218750e-03
8.816811982595312119e+09 2.125978469848632812e-03
8.484751832563883781e+09 1.988887786865234375e-03
8.165206409397330284e+09 1.885175704956054688e-03
7.857703860999565125e+09 2.465009689331054688e-03
7.561790130301506042e+09 2.187013626098632812e-03
7.277028284053819656e+09 2.781867980957031250e-03
7.002997866939131737e+09 2.085685729980468750e-03
6.739294280048426628e+09 2.501010894775390625e-03
6.485528182802710533e+09 1.926898956298828125e-03
6.241324917435270309e+09 2.068996429443359375e-03
6.006323955183636665e+09 1.919031143188476562e-03
5.780178363372138023e+09 1.932144165039062500e-03
5.562554292597034454e+09 1.902818679809570312e-03
5.353130483255875587e+09 1.878023147583007812e-03
5.151597790691319466e+09 2.027034759521484375e-03
4.957658728247220039e+09 1.967906951904296875e-03
4.771027027561285019e+09 1.910924911499023438e-03
4.591427215443990707e+09 1.920938491821289062e-03
4.418594206718194008e+09 1.888036727905273438e-03
4.252272912417213917e+09 1.883029937744140625e-03
4.092217862762100220e+09 1.993894577026367188e-03
3.938192844360507488e+09 1.967906951904296875e-03
3.789970551090696335e+09 2.094984054565429688e-03
3.647332248154475212e+09 2.583742141723632812e-03
3.510067448802188396e+09 3.420114517211914062e-03
3.377973603251837730e+09 1.953125000000000000e-03
3.250855799342244148e+09 2.017021179199218750e-03
3.128526474477676868e+09 1.902818679809570312e-03
3.010805138437943935e+09 1.890182495117187500e-03
2.897518106644101143e+09 1.888036727905273438e-03
2.788498243485340118e+09 2.010822296142578125e-03
2.683584715327555180e+09 1.929998397827148438e-03
2.582622752838301182e+09 1.919031143188476562e-03
2.485463422276787758e+09 1.867055892944335938e-03
2.391963405410659790e+09 1.871824264526367188e-03
2.301984787734160423e+09 2.279281616210937500e-03
2.215394854674536228e+09 2.033233642578125000e-03
2.132065895485338926e+09 2.015113830566406250e-03
2.051875014536654711e+09 2.079010009765625000e-03
1.974703949723244667e+09 1.925945281982421875e-03
1.900438897722064018e+09 1.947879791259765625e-03
1.828970345840829849e+09 1.999139785766601562e-03
1.760192910208969593e+09 2.511978149414062500e-03
1.694005180071729183e+09 2.457857131958007812e-03
1.630309567957197666e+09 2.487182617187500000e-03
1.569012165494743824e+09 1.955986022949218750e-03
1.510022604671633482e+09 1.918315887451171875e-03
1.453253924322746277e+09 1.969099044799804688e-03
1.398622441655952454e+09 2.095937728881835938e-03
1.346047628623206139e+09 1.925945281982421875e-03
1.295451992954586506e+09 1.965045928955078125e-03
1.246760963679361820e+09 1.913070678710937500e-03
1.199902780964855194e+09 1.892089843750000000e-03
1.154808390110214233e+09 1.873970031738281250e-03
1.111411339538372993e+09 1.913070678710937500e-03
1.069647682635375500e+09 2.079010009765625000e-03
1.029455883291962624e+09 2.182245254516601562e-03
9.907767250077335835e+08 1.955747604370117188e-03
9.535532234235374928e+08 2.117872238159179688e-03
9.177305421527464390e+08 1.957178115844726562e-03
8.832559117870061398e+08 1.908063888549804688e-03
8.500785519566984177e+08 2.301931381225585938e-03
8.181495963309028149e+08 2.284049987792968750e-03
7.874220204459763765e+08 3.648042678833007812e-03
7.578505722560651302e+08 2.290010452270507812e-03
7.293917053028538227e+08 1.986026763916015625e-03
7.020035144057894945e+08 1.948833465576171875e-03
6.756456737776776552e+08 1.909971237182617188e-03
6.502793774741876125e+08 1.945734024047851562e-03
6.258672820892251730e+08 1.871109008789062500e-03
6.023734516114593744e+08 1.940011978149414062e-03
5.797633043604933023e+08 1.898288726806640625e-03
5.580035619242320061e+08 1.886129379272460938e-03
5.370622000219628811e+08 1.894235610961914062e-03
5.169084012205207348e+08 1.940965652465820312e-03
4.975125094336352348e+08 1.907825469970703125e-03
4.788459861372067332e+08 1.865148544311523438e-03
4.608813682357826829e+08 1.870870590209960938e-03
4.435922275179637074e+08 1.866102218627929688e-03
4.269531316407983899e+08 1.919031143188476562e-03
4.109396065855056047e+08 1.892089843750000000e-03
3.955281005290212631e+08 2.291917800903320312e-03
3.806959490779747963e+08 2.312898635864257812e-03
3.664213418137055039e+08 3.141880035400390625e-03
3.526832900988690853e+08 2.362966537475585938e-03
3.394615960980528593e+08 2.125263214111328125e-03
3.267368229666103721e+08 2.419948577880859375e-03
3.144902661636531353e+08 2.107858657836914062e-03
3.027039258468038440e+08 1.975059509277343750e-03
2.913604803079043031e+08 2.834081649780273438e-03
2.804432604104257822e+08 2.038955688476562500e-03
2.699362249907930493e+08 1.915216445922851562e-03
2.598239371872751415e+08 1.888036727905273438e-03
2.500915416614523530e+08 1.882076263427734375e-03
2.407247426786009371e+08 2.008914947509765625e-03
2.317097830145977437e+08 2.171039581298828125e-03
2.230334236581738293e+08 2.137660980224609375e-03
2.146829242785213292e+08 2.003908157348632812e-03
2.066460244293866158e+08 1.927852630615234375e-03
1.989109254618754983e+08 2.002239227294921875e-03
1.914662731192408204e+08 4.124164581298828125e-03
1.843011407879323065e+08 2.098083496093750000e-03
1.774050133801586032e+08 3.826856613159179688e-03
1.707677718241450191e+08 1.977920532226562500e-03
1.643796781391687095e+08 1.996994018554687500e-03
1.582313610733165443e+08 1.974821090698242188e-03
1.523138022827455401e+08 1.938343048095703125e-03
1.466183230320223570e+08 1.954793930053710938e-03
1.411365713958919048e+08 1.919031143188476562e-03
1.358605099435643554e+08 2.107143402099609375e-03
1.307824038873248398e+08 2.393960952758789062e-03
1.258948096779532880e+08 1.903772354125976562e-03
1.211905640301069766e+08 1.945018768310546875e-03
1.166627733614498824e+08 1.929998397827148438e-03
1.123048036299258024e+08 1.880168914794921875e-03
1.081102705541615188e+08 1.886129379272460938e-03
1.040730302025525123e+08 1.881122589111328125e-03
1.001871699371263534e+08 1.995086669921875000e-03
9.644699969880686700e+07 2.015829086303710938e-03
9.284704362120339274e+07 2.465009689331054688e-03
8.938203196053861082e+07 2.136230468750000000e-03
8.604689332979105413e+07 3.139257431030273438e-03
8.283674722558310628e+07 1.950025558471679688e-03
7.974689683677327633e+07 1.944065093994140625e-03
7.677282212413233519e+07 1.978874206542968750e-03
7.391017316087935865e+07 1.926898956298828125e-03
7.115476372424252331e+07 1.968860626220703125e-03
6.850256512857803702e+07 1.924991607666015625e-03
6.594970029094007611e+07 1.922845840454101562e-03
6.349243802033554763e+07 2.072095870971679688e-03
6.112718752222971618e+07 2.074956893920898438e-03
5.885049311018688232e+07 1.919984817504882812e-03
5.665902912113954872e+07 1.885890960693359375e-03
5.454959501410519332e+07 2.101898193359375000e-03
5.251911064373108000e+07 2.385854721069335938e-03
5.056461174782577157e+07 1.945018768310546875e-03
4.868324557424041629e+07 1.967191696166992188e-03
4.687226668123161793e+07 1.921176910400390625e-03
4.512903289609940350e+07 1.961946487426757812e-03
4.345100142613200098e+07 2.552986145019531250e-03
4.183572511611494422e+07 2.066850662231445312e-03
4.028084884687913209e+07 2.660989761352539062e-03
3.878410606956972182e+07 2.023935317993164062e-03
3.734331547051954269e+07 2.197980880737304688e-03
3.595637776180250198e+07 1.965045928955078125e-03
3.462127259272927046e+07 1.917839050292968750e-03
3.333605557772485539e+07 1.969814300537109375e-03
3.209885543620155379e+07 1.927852630615234375e-03
3.090787124020374939e+07 1.970767974853515625e-03
2.976136976576283202e+07 2.015829086303710938e-03
2.865768294405166805e+07 2.437829971313476562e-03
2.759520540857668966e+07 1.955032348632812500e-03
2.657239213478708640e+07 1.963138580322265625e-03
2.558775616861709207e+07 1.958131790161132812e-03
2.463986644060903788e+07 1.921653747558593750e-03
2.372734566239092126e+07 1.955986022949218750e-03
2.284886830240407959e+07 1.922845840454101562e-03
2.200315863789352030e+07 2.044200897216796875e-03
2.118898888028623909e+07 2.370834350585937500e-03
2.040517737119113281e+07 2.367973327636718750e-03
1.965058684635861963e+07 3.123044967651367188e-03
1.892412276503803581e+07 1.913785934448242188e-03
1.822473170226798579e+07 1.909017562866210938e-03
1.755139980172752216e+07 1.909017562866210938e-03
1.690315128686532751e+07 1.868009567260742188e-03
1.627904702811049670e+07 1.873970031738281250e-03
1.567818316405098327e+07 1.878023147583007812e-03
1.509968977454583347e+07 2.068042755126953125e-03
1.454272960381358676e+07 1.906871795654296875e-03
1.400649683161347546e+07 1.997709274291992188e-03
1.349021589070683531e+07 1.901865005493164062e-03
1.299314032885437831e+07 1.960992813110351562e-03
1.251455171367102675e+07 1.995086669921875000e-03
1.205375857872310653e+07 2.023935317993164062e-03
1.161009540931361541e+07 1.978874206542968750e-03
1.118292166645981558e+07 3.026008605957031250e-03
1.077162084762411192e+07 2.441167831420898438e-03
1.037559958281280845e+07 4.169940948486328125e-03
9.994286764710420743e+06 3.810167312622070312e-03
9.627132711566561833e+06 2.151966094970703125e-03
9.273608361601451412e+06 2.501726150512695312e-03
8.933204497742343694e+06 2.587080001831054688e-03
8.605431001547906548e+06 2.944946289062500000e-03
8.289816135220779106e+06 2.883911132812500000e-03
7.985905850650001317e+06 3.935813903808593750e-03
7.693263124464839697e+06 2.022981643676757812e-03
7.411467318119898438e+06 2.049207687377929688e-03
7.140113562068514526e+06 2.140045166015625000e-03
6.878812163116799667e+06 1.957893371582031250e-03
6.627188034084995277e+06 1.920938491821289062e-03
6.384880144935743883e+06 2.063751220703125000e-03
6.151540994560508989e+06 1.910924911499023438e-03
5.926836102445924655e+06 1.890659332275390625e-03
5.710443519471076317e+06 2.260923385620117188e-03
5.502053357115108520e+06 2.939939498901367188e-03
5.301367334381569177e+06 3.217935562133789062e-03
5.108098341772175394e+06 2.044200897216796875e-03
4.921970021667658351e+06 1.917123794555664062e-03
4.742716364497788250e+06 1.874923706054687500e-03
4.570081320105786435e+06 1.881837844848632812e-03
4.403818423734813929e+06 2.085208892822265625e-03
4.243690436085791327e+06 1.965999603271484375e-03
4.089468996916611213e+06 1.965284347534179688e-03
3.940934291672669817e+06 1.921653747558593750e-03
3.797874730657973792e+06 3.203153610229492188e-03
3.660086640274510253e+06 2.480030059814453125e-03
3.527373965875399765e+06 1.926898956298828125e-03
3.399547986617321614e+06 1.884937286376953125e-03
3.276427042996344622e+06 1.902103424072265625e-03
3.157836258727017324e+06 1.893997192382812500e-03
3.043607300808798056e+06 1.934051513671875000e-03
2.933578128920962568e+06 2.156972885131835938e-03
2.827592759329402819e+06 4.759073257446289062e-03
2.725501037670854945e+06 2.112150192260742188e-03
2.627158420280280057e+06 2.324104309082031250e-03
2.532425763739779126e+06 2.043247222900390625e-03
2.441169122339511290e+06 1.911878585815429688e-03
2.353259553152683657e+06 1.888990402221679688e-03
2.268572928438083734e+06 1.957893371582031250e-03
2.186989755094181281e+06 4.021883010864257812e-03
2.108395000899463426e+06 2.014875411987304688e-03
2.032677927283459809e+06 1.977205276489257812e-03
1.959731928382710554e+06 1.976251602172851562e-03
1.889454376145050162e+06 2.022027969360351562e-03
1.821746471254596487e+06 1.946210861206054688e-03
1.756513099658354186e+06 2.516031265258789062e-03
1.693662694483608939e+06 4.305124282836914062e-03
1.633107103143250803e+06 2.984285354614257812e-03
1.574761459433761425e+06 2.018213272094726562e-03
1.518544060438008280e+06 2.496957778930664062e-03
1.464376248052028241e+06 4.101753234863281250e-03
1.412182294961810810e+06 5.613803863525390625e-03
1.361889294902638067e+06 2.971887588500976562e-03
1.313427057039858075e+06 2.382993698120117188e-03
1.266728004316003527e+06 2.479076385498046875e-03
1.221727075615068199e+06 1.935958862304687500e-03
1.178361631600302644e+06 1.998901367187500000e-03
1.136571364087357186e+06 4.299879074096679688e-03
1.096298208819777239e+06 1.980781555175781250e-03
1.057486261518861866e+06 2.015829086303710938e-03
1.020081697084734915e+06 2.069950103759765625e-03
9.840326918300952530e+05 1.963138580322265625e-03
9.492893486325968988e+05 1.948833465576171875e-03
9.158036248960808152e+05 1.998662948608398438e-03
8.835292632150368299e+05 3.154993057250976562e-03
8.524217246406392660e+05 2.398967742919921875e-03
8.224381244505253853e+05 3.337860107421875000e-03
7.935371703281766968e+05 3.680229187011718750e-03
7.656791028613077942e+05 1.962900161743164062e-03
7.388256382720666006e+05 1.955986022949218750e-03
7.129399132951452630e+05 3.988027572631835938e-03
6.879864321230609203e+05 2.136230468750000000e-03
6.639310153408891056e+05 1.934766769409179688e-03
6.407407507756766863e+05 1.955986022949218750e-03
6.183839461885604542e+05 1.973867416381835938e-03
5.968300837403490441e+05 2.005100250244140625e-03
5.760497761638942175e+05 1.997947692871093750e-03
5.560147245791354217e+05 2.372980117797851562e-03
5.366976778890670976e+05 3.514289855957031250e-03
5.180723936972434167e+05 1.947164535522460938e-03
5.001136006896400359e+05 2.010822296142578125e-03
4.827969624258599360e+05 2.141952514648437500e-03
4.660990424867362599e+05 1.931190490722656250e-03
4.499972709273782675e+05 4.173755645751953125e-03
4.344699119866218534e+05 6.693840026855468750e-03
4.194960330056986422e+05 4.344224929809570312e-03
4.050554745106974733e+05 4.232168197631835938e-03
3.911288214151221910e+05 5.561113357543945312e-03
3.776973753004765604e+05 3.742933273315429688e-03
3.647431277343953261e+05 3.563165664672851562e-03
3.522487345873700106e+05 3.680944442749023438e-03
3.401974913105697487e+05 4.765033721923828125e-03
3.285733091386831948e+05 3.170013427734375000e-03
3.173606921830508509e+05 4.660129547119140625e-03
3.065447153816737700e+05 3.737211227416992188e-03
2.961110032739358139e+05 6.124019622802734375e-03
2.860457095690867864e+05 3.971099853515625000e-03
2.763354974787022802e+05 3.814220428466796875e-03
2.669675207844468532e+05 4.168987274169921875e-03
2.579294056135575811e+05 5.614995956420898438e-03
2.492092328954917612e+05 3.805875778198242188e-03
2.407955214741855161e+05 4.146099090576171875e-03
2.326772118513332680e+05 5.109310150146484375e-03
2.248436505370149971e+05 6.381988525390625000e-03
2.172845749848993146e+05 3.534078598022460938e-03
2.099900990900922043e+05 3.941774368286132812e-03
2.029506992285414890e+05 5.016803741455078125e-03
1.961572008176858071e+05 3.274917602539062500e-03
1.896007653788093303e+05 2.364873886108398438e-03
1.832728780822943372e+05 3.800868988037109375e-03
1.771653357576706621e+05 4.070043563842773438e-03
1.712702353510411922e+05 4.494905471801757812e-03
1.655799628131189093e+05 3.738164901733398438e-03
1.600871824017395847e+05 4.489898681640625000e-03
1.547848263833184028e+05 5.388975143432617188e-03
1.496660851183081395e+05 4.256963729858398438e-03
1.447243975162706047e+05 3.806114196777343750e-03
1.399534418467200594e+05 3.691911697387695312e-03
1.353471268924123724e+05 7.061958312988281250e-03
1.308995834322574519e+05 4.391908645629882812e-03
1.266051560415120912e+05 3.618001937866210938e-03
1.224583951973756630e+05 3.761291503906250000e-03
1.184540496785540308e+05 5.330085754394531250e-03
1.145870592477913306e+05 2.106189727783203125e-03
1.108525476067772106e+05 2.773046493530273438e-03
1.072458156132380973e+05 4.264116287231445312e-03
1.037623347504022531e+05 4.300117492675781250e-03
1.003977408393970691e+05 2.994060516357421875e-03
9.714782798549192376e+04 2.184867858886718750e-03
9.400854274943942437e+04 2.079963684082031250e-03
9.097597853549783758e+04 2.232789993286132812e-03
8.804637018803278625e+04 1.990079879760742188e-03
8.521608878889972402e+04 2.164125442504882812e-03
8.248163664810206683e+04 3.970146179199218750e-03
7.983964248050100286e+04 2.336025238037109375e-03
7.728685676162427990e+04 1.971960067749023438e-03
7.482014725588195142e+04 1.939058303833007812e-03
7.243649471074805479e+04 1.928091049194335938e-03
7.013298871070795576e+04 2.066850662231445312e-03
6.790682368500629673e+04 4.258871078491210938e-03
6.575529506344972469e+04 3.697872161865234375e-03
6.367579557473886962e+04 3.371953964233398438e-03
6.166581168200724642e+04 2.758264541625976562e-03
5.972292015044654545e+04 2.568244934082031250e-03
5.784478474208925763e+04 2.270221710205078125e-03
5.602915303300327651e+04 3.937959671020507812e-03
5.427385334833277739e+04 2.011775970458984375e-03
5.257679181078877446e+04 2.028942108154296875e-03
5.093594949835916486e+04 2.001762390136718750e-03
4.934937970716550626e+04 2.073764801025390625e-03
4.781520531554672198e+04 1.934051513671875000e-03
4.633161624559648044e+04 1.965999603271484375e-03
4.489686701852300030e+04 3.922939300537109375e-03
4.350927440033487073e+04 2.028942108154296875e-03
4.216721513448841142e+04 1.933813095092773438e-03
4.086912375825778145e+04 1.911163330078125000e-03
3.961349049970955093e+04 2.063989639282226562e-03
3.839885925228158158e+04 2.728939056396484375e-03
3.722382562407694786e+04 2.089023590087890625e-03
3.608703505909241358e+04 6.991863250732421875e-03
3.498718102770525729e+04 2.043962478637695312e-03
3.392300328384153545e+04 1.945018768310546875e-03
3.289328618634611485e+04 1.936674118041992188e-03
3.189685708216696366e+04 1.910924911499023438e-03
3.093258474905584808e+04 1.955032348632812500e-03
2.999937789557301221e+04 3.192901611328125000e-03
2.909618371626682347e+04 2.796173095703125000e-03
2.822198649997832399e+04 1.980066299438476562e-03
2.737580628929749582e+04 1.992940902709960938e-03
2.655669758927180737e+04 2.002000808715820312e-03
2.576374812353852758e+04 2.165079116821289062e-03
2.499607763612067356e+04 1.931190490722656250e-03
2.425283673719192302e+04 1.991987228393554688e-03
2.353320579117956731e+04 3.989934921264648438e-03
2.283639384563502972e+04 3.496885299682617188e-03
2.216163759936052156e+04 3.670930862426757812e-03
2.150820040833629901e+04 4.790067672729492188e-03
2.087537132804786233e+04 4.352092742919921875e-03
2.026246419086451351e+04 3.800153732299804688e-03
1.966881671717048448e+04 2.985000610351562500e-03
1.909378965899939794e+04 3.967046737670898438e-03
1.853676597496824252e+04 4.484176635742187500e-03
1.799715003535267897e+04 3.880977630615234375e-03
1.747436685618843330e+04 1.996040344238281250e-03
1.696786136132514730e+04 2.060651779174804688e-03
1.647709767139887481e+04 2.184391021728515625e-03
1.600155841872834390e+04 1.956224441528320312e-03
1.554074408717668484e+04 7.510185241699218750e-03
1.509417237605641458e+04 3.482103347778320312e-03
1.466137758718955956e+04 2.033948898315429688e-03
1.424191003426799580e+04 1.932144165039062500e-03
1.383533547369080952e+04 1.919269561767578125e-03
1.344123455608626318e+04 2.007961273193359375e-03
1.305920229775524786e+04 3.908872604370117188e-03
1.268884757130163416e+04 2.315044403076171875e-03
1.232979261474218947e+04 2.005100250244140625e-03
1.198167255841510450e+04 1.986026763916015625e-03
1.164413496903132182e+04 2.047061920166015625e-03
1.131683941023743500e+04 1.999139785766601562e-03
1.099945701908227966e+04 2.038002014160156250e-03
1.069167009780184344e+04 4.034996032714843750e-03
1.039317172035912336e+04 2.076148986816406250e-03
1.010366535319610375e+04 2.074003219604492188e-03
9.822864489675477671e+03 2.915143966674804688e-03
9.550492297709153718e+03 3.779172897338867188e-03
9.286281280088818676e+03 3.407955169677734375e-03
9.029972947052421659e+03 3.661155700683593750e-03
8.781317500637254852e+03 1.967191696166992188e-03
8.540073530387162464e+03 1.932144165039062500e-03
8.306007719997478489e+03 2.113103866577148438e-03
8.078894564496587918e+03 2.126216888427734375e-03
7.858516097577977234e+03 2.293109893798828125e-03
7.644661628710889090e+03 2.024888992309570312e-03
7.437127489671510375e+03 3.684997558593750000e-03
7.235716790149813278e+03 2.089977264404296875e-03
7.040239182100012840e+03 2.053022384643554688e-03
6.850510632514794452e+03 2.522706985473632812e-03
6.666353204315444600e+03 2.419948577880859375e-03
6.487594845061163142e+03 1.957893371582031250e-03
6.314069183192090350e+03 2.015113830566406250e-03
6.145615331530910225e+03 6.296157836914062500e-03
5.982077697778185211e+03 4.301071166992187500e-03
5.823305801746265388e+03 2.724885940551757812e-03
5.669154099086135830e+03 1.967906951904296875e-03
5.519481811270552498e+03 1.982927322387695312e-03
5.374152761605616433e+03 3.808975219726562500e-03
5.233035217051282416e+03 2.467155456542968750e-03
5.096001735639445542e+03 1.908063888549804688e-03
4.962929019286006223e+03 2.164840698242187500e-03
4.833697771800855662e+03 1.958847045898437500e-03
4.708192561906910669e+03 2.007246017456054688e-03
4.586301691086332539e+03 1.960992813110351562e-03
4.467917066078712196e+03 3.702163696289062500e-03
4.352934075862513055e+03 2.710103988647460938e-03
4.241251472957208534e+03 1.987695693969726562e-03
4.132771258889608362e+03 2.834081649780273438e-03
4.027398573673549890e+03 2.371072769165039062e-03
3.925041589157775434e+03 4.220962524414062500e-03
3.825611406102043475e+03 5.865097045898437500e-03
3.729021954846740755e+03 2.071142196655273438e-03
3.635189899446243089e+03 1.979827880859375000e-03
3.544034545140918453e+03 1.942873001098632812e-03
3.455477749047418911e+03 2.014875411987304688e-03
3.369443833951197576e+03 2.045869827270507812e-03
3.285859505089531467e+03 3.914117813110351562e-03
3.204653769817410648e+03 2.012968063354492188e-03
3.125757860052565775e+03 1.953125000000000000e-03
3.049105157399800191e+03 2.099037170410156250e-03
2.974631120858349732e+03 2.465963363647460938e-03
2.902273217019635013e+03 2.465009689331054688e-03
2.831970852666059727e+03 2.426862716674804688e-03
2.763665309684874046e+03 4.624843597412109375e-03
2.697299682214249970e+03 2.284049987792968750e-03
2.632818815941679532e+03 4.302978515625000000e-03
2.570169249477882204e+03 4.034996032714843750e-03
2.509299157732073581e+03 5.530834197998046875e-03
2.450158297217242762e+03 2.013921737670898438e-03
2.392697953216711085e+03 2.132892608642578125e-03
2.336870888745693719e+03 1.930952072143554688e-03
2.282631295244079411e+03 1.959800720214843750e-03
2.229934744938943368e+03 2.076864242553710938e-03
2.178738144817565626e+03 3.667831420898437500e-03
2.128999692153888191e+03 1.968860626220703125e-03
2.080678831533466564e+03 1.943111419677734375e-03
2.033736213323898937e+03 1.966953277587890625e-03
1.988133653539757461e+03 2.104043960571289062e-03
1.943834095052829980e+03 1.995086669921875000e-03
1.900801570100315985e+03 1.939058303833007812e-03
1.859001164045318092e+03 2.447843551635742188e-03
1.818398980345698419e+03 4.614114761352539062e-03
1.778962106688878748e+03 3.184080123901367188e-03
1.740658582251795679e+03 5.359888076782226562e-03
1.703457366046676725e+03 1.957893371582031250e-03
1.667328306314696192e+03 4.414081573486328125e-03
1.632242110931028265e+03 3.139972686767578125e-03
1.598170318786076450e+03 1.978158950805664062e-03
1.565085272108965000e+03 2.106904983520507812e-03
1.532960089700609387e+03 2.016067504882812500e-03
1.501768641044860942e+03 2.094030380249023438e-03
1.471485521267364902e+03 3.970146179199218750e-03
1.442086026912871603e+03 2.501964569091796875e-03
1.413546132512801933e+03 1.952886581420898438e-03
1.385842467915873613e+03 1.917123794555664062e-03
1.358952296355588260e+03 2.070665359497070312e-03
1.332853493229323021e+03 2.419948577880859375e-03
1.307524525564678243e+03 4.666090011596679688e-03
1.282944432149595286e+03 5.694150924682617188e-03
1.259092804303637422e+03 3.684043884277343750e-03
1.235949767268602272e+03 2.504110336303710938e-03
1.213495962197442395e+03 1.996994018554687500e-03
1.191712528721233866e+03 4.246950149536132812e-03
1.170581088074638501e+03 2.797126770019531250e-03
1.150083726761052731e+03 2.110958099365234375e-03
1.130202980739286431e+03 2.085924148559570312e-03
1.110921820114316915e+03 1.990795135498046875e-03
1.092223634315281288e+03 1.985073089599609375e-03
1.074092217744542040e+03 1.926898956298828125e-03
1.056511755882253283e+03 2.611160278320312500e-03
1.039466811831494169e+03 3.658056259155273438e-03
1.022942313289639515e+03 1.957893371582031250e-03
1.006923539932242079e+03 2.408981323242187500e-03
9.913961111963388930e+02 2.622127532958984375e-03
9.763459744507014193e+02 3.379821777343750000e-03
9.617593935412096471e+02 3.049135208129882812e-03
9.476229377001931198e+02 3.728866577148437500e-03
9.339234708093110839e+02 1.945018768310546875e-03
9.206481410062782516e+02 1.929283142089843750e-03
9.077843706265862238e+02 1.929044723510742188e-03
8.953198464722578365e+02 1.918315887451171875e-03
8.832425104006697438e+02 2.068281173706054688e-03
8.715405502276107654e+02 2.663373947143554688e-03
8.602023909399888453e+02 3.445863723754882812e-03
8.492166862150577344e+02 1.944065093994140625e-03
8.385723102446996791e+02 2.014875411987304688e-03
8.282583498651970331e+02 2.855062484741210938e-03
8.182640969951625038e+02 2.272844314575195312e-03
8.085790413868932092e+02 1.958131790161132812e-03
7.991928636993867485e+02 5.691051483154296875e-03
7.900954289047896282e+02 3.536224365234375000e-03
7.812772256220644067e+02 3.045082092285156250e-03
7.727280835017402296e+02 2.949714660644531250e-03
7.644383163459643811e+02 2.116203308105468750e-03
7.563984676799934732e+02 4.016160964965820312e-03
7.485992381044219428e+02 2.126693725585937500e-03
7.410314812257652193e+02 2.083063125610351562e-03
7.336862001576447483e+02 2.412796020507812500e-03
7.265545446583654439e+02 2.076864242553710938e-03
7.196278089809973153e+02 2.046108245849609375e-03
7.128974305227241075e+02 1.940965652465820312e-03
7.063549955104548417e+02 3.210067749023437500e-03
6.999922430972546863e+02 3.409862518310546875e-03
6.938010404484640503e+02 2.492904663085937500e-03
6.877734024190713171e+02 2.124071121215820312e-03
6.819014958027435114e+02 4.458427429199218750e-03
6.761776450478638480e+02 5.605936050415039062e-03
6.705943395340736970e+02 2.398014068603515625e-03
6.651442424726142235e+02 1.924037933349609375e-03
6.598202014482518507e+02 1.999855041503906250e-03
6.546152605574949348e+02 1.914262771606445312e-03
6.495226740160871941e+02 1.872062683105468750e-03
6.445359210091534123e+02 2.946853637695312500e-03
6.396487214435227315e+02 3.271818161010742188e-03
6.348550521405703648e+02 2.002000808715820312e-03
6.301491628903402216e+02 2.114057540893554688e-03
6.255255916879494862e+02 2.579927444458007812e-03
6.209791784076974182e+02 1.954078674316406250e-03
6.165050761549349545e+02 2.108812332153320312e-03
6.120987595830315513e+02 5.015850067138671875e-03
6.077572549058218101e+02 3.394842147827148438e-03
6.034754876905373067e+02 3.861904144287109375e-03
5.992499054703660022e+02 3.392219543457031250e-03
5.950772713668540064e+02 2.707242965698242188e-03
5.909546524741474514e+02 4.240989685058593750e-03
5.868794048764676745e+02 2.279043197631835938e-03
5.828491559710403180e+02 1.966714859008789062e-03
5.788625020438718138e+02 2.123117446899414062e-03
5.749168443420172707e+02 2.290725708007812500e-03
5.710105000641475499e+02 2.598047256469726562e-03
5.671419754681338645e+02 2.990245819091796875e-03
5.633099455629052272e+02 3.216028213500976562e-03
5.595132348988977355e+02 1.995086669921875000e-03
5.557507997197666327e+02 2.022981643676757812e-03
5.520217116269182043e+02 2.505064010620117188e-03
5.483251428168179018e+02 2.023220062255859375e-03
5.446603528805294445e+02 2.085924148559570312e-03
5.410266771043631024e+02 5.192995071411132812e-03
5.374235161772096490e+02 2.727985382080078125e-03
5.338503271907827639e+02 4.351139068603515625e-03
5.303066573598817968e+02 2.169847488403320312e-03
5.267924477171443414e+02 2.006053924560546875e-03
5.233068421519928961e+02 2.110958099365234375e-03
5.198494551295295878e+02 4.304885864257812500e-03
5.164199276773672409e+02 2.100944519042968750e-03
5.130179236757551280e+02 1.979827880859375000e-03
5.096431266836247573e+02 2.106904983520507812e-03
5.062952372269606371e+02 2.055168151855468750e-03
5.029739704848527708e+02 1.982212066650390625e-03
4.996790543168574459e+02 2.766847610473632812e-03
4.964102275826881510e+02 3.184795379638671875e-03
4.931672387118916276e+02 2.714872360229492188e-03
4.899498444869774971e+02 2.033948898315429688e-03
4.867578090086009297e+02 2.638101577758789062e-03
4.835909028158392857e+02 2.277851104736328125e-03
4.804489021384851526e+02 3.643989562988281250e-03
4.773315882616092267e+02 3.760814666748046875e-03
4.742387469855337940e+02 1.927852630615234375e-03
4.711701681668354240e+02 1.872062683105468750e-03
4.681256453281203562e+02 1.868724822998046875e-03
4.651049753261353885e+02 1.924037933349609375e-03
4.621079580693395883e+02 1.878023147583007812e-03
4.591342903192389144e+02 2.073287963867187500e-03
4.561836710828974901e+02 3.808021545410156250e-03
4.532560811770313762e+02 1.945972442626953125e-03
4.503513714098233436e+02 1.989126205444335938e-03
4.474688268273420704e+02 1.945257186889648438e-03
4.446086408560445875e+02 1.894950866699218750e-03
4.417707806789056804e+02 2.042293548583984375e-03
4.389550642508800706e+02 1.904964447021484375e-03
4.361613113427214330e+02 1.849889755249023438e-03
4.333893434764513017e+02 2.293109893798828125e-03
4.306389838692497847e+02 2.337932586669921875e-03
4.279100573844488054e+02 3.133058547973632812e-03
4.252023904885198249e+02 1.933813095092773438e-03
4.225158112131198891e+02 2.192258834838867188e-03
4.198501491213967256e+02 1.910209655761718750e-03
4.172052352778995328e+02 1.872062683105468750e-03
4.145809022215175332e+02 1.873970031738281250e-03
4.119769839409788688e+02 1.863956451416015625e-03
4.093933158525121598e+02 1.915216445922851562e-03
4.068297347793270546e+02 1.899003982543945312e-03
4.042860789326350641e+02 1.991033554077148438e-03
4.017621878939716566e+02 1.890897750854492188e-03
3.992579025986173633e+02 2.640962600708007812e-03
3.967730653199523658e+02 2.439260482788085938e-03
3.943075196546010375e+02 1.888990402221679688e-03
3.918611105082483164e+02 1.849889755249023438e-03
3.894336840820270140e+02 1.848697662353515625e-03
3.870250878593988659e+02 1.985073089599609375e-03
3.846351705934510505e+02 2.429008483886718750e-03
3.822637822945559378e+02 2.229928970336914062e-03
3.799107742183429650e+02 3.044128417968750000e-03
3.775759988539442702e+02 1.924037933349609375e-03
3.752593099124756009e+02 1.927137374877929688e-03
3.729605623157311811e+02 1.989841461181640625e-03
3.706796121850605346e+02 1.875877380371093750e-03
3.684163168304172018e+02 1.865863800048828125e-03
3.661705347395540571e+02 1.857757568359375000e-03
3.639421255673603355e+02 1.916170120239257812e-03
3.617309501253216695e+02 1.910686492919921875e-03
3.595368703710993259e+02 2.010107040405273438e-03
3.573597493982182414e+02 2.411127090454101562e-03
3.551994514258605022e+02 2.162218093872070312e-03
3.530558417887539235e+02 1.881122589111328125e-03
3.509287869271581712e+02 2.012014389038085938e-03
3.488181543769398445e+02 1.916170120239257812e-03
3.467238127597366315e+02 1.895189285278320312e-03
3.446456317732043999e+02 2.053737640380859375e-03
3.425834821813521103e+02 2.053976058959960938e-03
3.405372358049562536e+02 2.584934234619140625e-03
3.385067655120563472e+02 2.105951309204101562e-03
3.364919452085306943e+02 2.369165420532226562e-03
3.344926498287518370e+02 1.902818679809570312e-03
3.325087553263201130e+02 1.932144165039062500e-03
3.305401386648715061e+02 1.927852630615234375e-03
3.285866778089689433e+02 2.151012420654296875e-03
3.266482517150666354e+02 1.988887786865234375e-03
3.247247403225477456e+02 1.961946487426757812e-03
3.228160245448457886e+02 2.031087875366210938e-03
3.209219862606336733e+02 1.900911331176757812e-03
3.190425083050953958e+02 2.007007598876953125e-03
3.171774744612664563e+02 2.074003219604492188e-03
3.153267694514532309e+02 2.554178237915039062e-03
3.134902789287260703e+02 1.983880996704101562e-03
3.116678894684870897e+02 1.895189285278320312e-03
3.098594885601098099e+02 2.143144607543945312e-03
3.080649645986578093e+02 1.983165740966796875e-03
3.062842068766706802e+02 1.923084259033203125e-03
3.045171055760295076e+02 2.238035202026367188e-03
3.027635517598903903e+02 2.510786056518554688e-03
3.010234373646956669e+02 3.676891326904296875e-03
2.992966551922541498e+02 2.427816390991210938e-03
2.975830989018942319e+02 2.072095870971679688e-03
2.958826630026922544e+02 2.322912216186523438e-03
2.941952428457702808e+02 2.520084381103515625e-03
2.925207346166641855e+02 1.961231231689453125e-03
2.908590353277662075e+02 1.940250396728515625e-03
2.892100428108377059e+02 2.055168151855468750e-03
2.875736557095905823e+02 1.922845840454101562e-03
2.859497734723424287e+02 1.906871795654296875e-03
2.843382963447389784e+02 1.982212066650390625e-03
2.827391253625489185e+02 2.036094665527343750e-03
2.811521623445272553e+02 1.965999603271484375e-03
2.795773098853471765e+02 1.937866210937500000e-03
2.780144713486025694e+02 1.930952072143554688e-03
2.764635508598776141e+02 1.965045928955078125e-03
2.749244532998881709e+02 1.949787139892578125e-03
2.733970842976859785e+02 2.394676208496093750e-03
2.718813502239352147e+02 2.620935440063476562e-03
2.703771581842551086e+02 3.448724746704101562e-03
2.688844160126297425e+02 2.098083496093750000e-03
2.674030322648841320e+02 1.914262771606445312e-03
2.659329162122284060e+02 1.963138580322265625e-03
2.644739778348666164e+02 1.927137374877929688e-03
2.630261278156739877e+02 1.971244812011718750e-03
2.615892775339369223e+02 2.206325531005859375e-03
2.601633390591599095e+02 1.935243606567382812e-03
2.587482251449387718e+02 1.987218856811523438e-03
2.573438492228962673e+02 1.909017562866210938e-03
2.559501253966831769e+02 1.955986022949218750e-03
2.545669684360441352e+02 1.976966857910156250e-03
2.531942937709467003e+02 2.044200897216796875e-03
2.518320174857733207e+02 2.139091491699218750e-03
2.504800563135775064e+02 1.984119415283203125e-03
2.491383276304029835e+02 1.931190490722656250e-03
2.478067494496636414e+02 1.968145370483398438e-03
2.464852404165877431e+02 2.036094665527343750e-03
2.451737198027223030e+02 2.575874328613281250e-03
2.438721075005007606e+02 2.106904983520507812e-03
2.425800127623411413e+02 3.180980682373046875e-03
2.412972364493839734e+02 1.951932907104492188e-03
2.400240427076009269e+02 1.953840255737304688e-03
2.387604485343796910e+02 2.023220062255859375e-03
2.375063767981652632e+02 1.946926116943359375e-03
2.362617509607312059e+02 1.961946487426757812e-03
2.350264950717846091e+02 1.938819885253906250e-03
2.338005337636764693e+02 2.135992050170898438e-03
2.325837922462075369e+02 1.943826675415039062e-03
2.313761963015240042e+02 1.955986022949218750e-03
2.301776722791038026e+02 1.960992813110351562e-03
2.289881470908206893e+02 1.948833465576171875e-03
2.278075482060914680e+02 1.933813095092773438e-03
2.266358036470956847e+02 2.137184143066406250e-03
2.254728419840714650e+02 2.398967742919921875e-03
2.243185923306804739e+02 2.329826354980468750e-03
2.231729843394404327e+02 1.948833465576171875e-03
2.220359481972262472e+02 2.594232559204101562e-03
2.209074146208336344e+02 2.036809921264648438e-03
2.197873148526071247e+02 1.951932907104492188e-03
2.186755806561290569e+02 2.063035964965820312e-03
2.175721443119676053e+02 1.920938491821289062e-03
2.164769386134861122e+02 1.966953277587890625e-03
2.153898968627072747e+02 2.029180526733398438e-03
2.143109528662353398e+02 1.964807510375976562e-03
2.132400249902578082e+02 1.929998397827148438e-03
2.121762147181264879e+02 1.950979232788085938e-03
2.111195827213848872e+02 2.026796340942382812e-03
2.100707980821709100e+02 1.990795135498046875e-03
2.090297970078132153e+02 2.003431320190429688e-03
2.079965161906658011e+02 2.043247222900390625e-03
2.069708928039770512e+02 1.922130584716796875e-03
2.059528644978630325e+02 1.964092254638671875e-03
2.049423693953722818e+02 1.929044723510742188e-03
2.039393460886388709e+02 2.209901809692382812e-03
2.029437336351168710e+02 1.929998397827148438e-03
2.019554715538881737e+02 2.078056335449218750e-03
2.009744998220432706e+02 2.646207809448242188e-03
2.000007588711276298e+02 2.085208892822265625e-03
1.990341895836519086e+02 2.737045288085937500e-03
1.980747332896611965e+02 1.986742019653320312e-03
1.971223317633630074e+02 2.077102661132812500e-03
1.961769272198085048e+02 1.986265182495117188e-03
1.952384623116275577e+02 1.933097839355468750e-03
1.943068801258129952e+02 2.007007598876953125e-03
1.933821241805540581e+02 1.972913742065429688e-03
1.924641384221169744e+02 1.928329467773437500e-03
1.915528672217703843e+02 1.960277557373046875e-03
1.906482553727545337e+02 2.288818359375000000e-03
1.897502480872936701e+02 1.968860626220703125e-03
1.888587909936486824e+02 1.987934112548828125e-03
1.879738301332106403e+02 1.940965652465820312e-03
1.870953119576327026e+02 1.942157745361328125e-03
1.862231833260000542e+02 1.963138580322265625e-03
1.853573915020371885e+02 1.928091049194335938e-03
1.844978841513492398e+02 1.967191696166992188e-03
1.836445520667072628e+02 2.444028854370117188e-03
1.827972210531636108e+02 2.318143844604492188e-03
1.819558406343575143e+02 3.265857696533203125e-03
1.811203608643809559e+02 1.976013183593750000e-03
1.802907323115777558e+02 1.921653747558593750e-03
1.794670265645902134e+02 1.968145370483398438e-03
1.786492548187802356e+02 1.918077468872070312e-03
1.778373678629931476e+02 2.058029174804687500e-03
1.770313168633938687e+02 2.547025680541992188e-03
1.762310533610874757e+02 2.218961715698242188e-03
1.754365292697709435e+02 2.281188964843750000e-03
1.746476968734083073e+02 1.946210861206054688e-03
1.738645088239302368e+02 1.966953277587890625e-03
1.730869181389577136e+02 1.945018768310546875e-03
1.723148781995441539e+02 1.977682113647460938e-03
1.715483427479387615e+02 1.920938491821289062e-03
1.707872658853690950e+02 2.034902572631835938e-03
1.700316020698416253e+02 2.053022384643554688e-03
1.692813061139588626e+02 1.959800720214843750e-03
1.685363331827556692e+02 4.416942596435546875e-03
1.677966387915497251e+02 5.429983139038085938e-03
1.670621788038097293e+02 2.851247787475585938e-03
1.663329094290380397e+02 1.995086669921875000e-03
1.656087872206697966e+02 1.959323883056640625e-03
1.648897690739851498e+02 1.987218856811523438e-03
1.641758122240380828e+02 1.944065093994140625e-03
1.634668742435970898e+02 2.158641815185546875e-03
1.627629130411012284e+02 2.883911132812500000e-03
1.620638868586289902e+02 3.921985626220703125e-03
1.613697542698801897e+02 2.079963684082031250e-03
1.606804741781703854e+02 2.007007598876953125e-03
1.599960058144381492e+02 2.009153366088867188e-03
1.593163087352641583e+02 1.959323883056640625e-03
1.586413428209013716e+02 2.007961273193359375e-03
1.579710682733174281e+02 1.919984817504882812e-03
1.573054456142479296e+02 1.967906951904296875e-03
1.566444356832594451e+02 2.881050109863281250e-03
1.559879996358241101e+02 2.106189727783203125e-03
1.553360989414034634e+02 2.717018127441406250e-03
1.546886953815418906e+02 1.950025558471679688e-03
1.540457510479699863e+02 2.029895782470703125e-03
1.534072283407163582e+02 1.932144165039062500e-03
1.527730899662287527e+02 1.963853836059570312e-03
1.521432989355031964e+02 2.124071121215820312e-03
1.515178185622213505e+02 1.915216445922851562e-03
1.508966124608956818e+02 1.932144165039062500e-03
1.502796445450223359e+02 1.992940902709960938e-03
1.496668790252414567e+02 1.957178115844726562e-03
1.490582804075036734e+02 1.916885375976562500e-03
1.484538367197441744e+02 1.945972442626953125e-03
1.478535082464544530e+02 2.090930938720703125e-03
1.472572418495060163e+02 1.957893371582031250e-03
1.466650031983038787e+02 1.970052719116210938e-03
1.460767582484955938e+02 2.024173736572265625e-03
1.454924732401757410e+02 2.496719360351562500e-03
1.449121146960960402e+02 3.168106079101562500e-03
1.443356494198793314e+02 2.127170562744140625e-03
1.437630444942415977e+02 1.864194869995117188e-03
1.431942672792148699e+02 2.051115036010742188e-03
1.426292854103783441e+02 1.967906951904296875e-03
1.420680667970921149e+02 1.969099044799804688e-03
1.415105796207363369e+02 1.940965652465820312e-03
1.409567923329533130e+02 1.968860626220703125e-03
1.404066736538956093e+02 1.919984817504882812e-03
1.398601925704769258e+02 1.957893371582031250e-03
1.393173183346271742e+02 1.971960067749023438e-03
1.387780204615523019e+02 1.882791519165039062e-03
1.382422687279963611e+02 1.876831054687500000e-03
1.377100331705081828e+02 1.885890960693359375e-03
1.371812840837123133e+02 1.873254776000976562e-03
1.366559920185824808e+02 1.867055892944335938e-03
1.361341277807184156e+02 1.863002777099609375e-03
1.356156624286278998e+02 1.920938491821289062e-03
1.351005672720103519e+02 1.883745193481445312e-03
1.345888138700444756e+02 1.876831054687500000e-03
1.340803740296799162e+02 1.908779144287109375e-03
1.335752198039320149e+02 2.513885498046875000e-03
1.330733234901791775e+02 2.635002136230468750e-03
1.325746576284648199e+02 2.490997314453125000e-03
1.320791949998022972e+02 1.977920532226562500e-03
1.315869086244826747e+02 1.936197280883789062e-03
1.310977717603871611e+02 1.981019973754882812e-03
1.306117579013016154e+02 1.923799514770507812e-03
1.301288407752361138e+02 1.962900161743164062e-03
1.296489943427464482e+02 2.197027206420898438e-03
1.291721927952605142e+02 1.925945281982421875e-03
1.286984105534077685e+02 1.890897750854492188e-03
1.282276222653524371e+02 1.875877380371093750e-03
1.277598028051305477e+02 1.951932907104492188e-03
1.272949272709909110e+02 1.952886581420898438e-03
1.268329709837394432e+02 1.927852630615234375e-03
1.263739094850883617e+02 1.960754394531250000e-03
1.259177185360087350e+02 2.058982849121093750e-03
1.254643741150870966e+02 2.002954483032226562e-03
1.250138524168867917e+02 2.050876617431640625e-03
1.245661298503130610e+02 2.040863037109375000e-03
1.241211830369828419e+02 2.864122390747070312e-03
1.236789888095987351e+02 3.890037536621093750e-03
1.232395242103278150e+02 2.431154251098632812e-03
1.228027664891845490e+02 2.187013626098632812e-03
1.223686931024193996e+02 2.386808395385742188e-03
1.219372817109108951e+02 2.285003662109375000e-03
1.215085101785641797e+02 3.051996231079101562e-03
1.210823565707128751e+02 3.100872039794921875e-03
1.206587991525274788e+02 2.747058868408203125e-03
1.202378163874284667e+02 2.996921539306640625e-03
1.198193869355040988e+02 2.123117446899414062e-03
1.194034896519350326e+02 1.933097839355468750e-03
1.189901035854228581e+02 1.996040344238281250e-03
1.185792079766253408e+02 2.828836441040039062e-03
1.181707822565970787e+02 2.145051956176757812e-03
1.177648060452359005e+02 2.758979797363281250e-03
1.173612591497352042e+02 2.500057220458984375e-03
1.169601215630418665e+02 2.156257629394531250e-03
1.165613734623219244e+02 3.131866455078125000e-03
1.161649952074301666e+02 2.007007598876953125e-03
1.157709673393873118e+02 1.929998397827148438e-03
1.153792705788640092e+02 1.967906951904296875e-03
1.149898858246704521e+02 1.926183700561523438e-03
1.146027941522527271e+02 2.007007598876953125e-03
1.142179768121964116e+02 2.058029174804687500e-03
1.138354152287365224e+02 1.992940902709960938e-03
1.134550909982742297e+02 2.083063125610351562e-03
1.130769858879011878e+02 2.009868621826171875e-03
1.127010818339300187e+02 1.996994018554687500e-03
1.123273609404328681e+02 1.937866210937500000e-03
1.119558054777866971e+02 1.891851425170898438e-03
1.115863978812253379e+02 1.881122589111328125e-03
