1.777226148923666915e+04 0.000000000000000000e+00
7.338978367386273021e+03 2.186059951782226562e-03
3.011623308348605860e+03 1.919031143188476562e-03
1.224099496639604695e+03 1.933097839355468750e-03
4.904747195246574165e+02 1.905918121337890625e-03
1.924900167372265969e+02 1.902818679809570312e-03
7.348850629406906876e+01 1.939296722412109375e-03
2.730273134841359806e+01 1.958131790161132812e-03
1.025892805163215016e+01 1.970767974853515625e-03
4.544486776851957011e+00 2.000808715820312500e-03
2.985811158880961269e+00 1.945018768310546875e-03
2.739291682367118508e+00 1.964092254638671875e-03
2.722208382620291633e+00 2.102136611938476562e-03
2.708119632981794034e+00 2.041101455688476562e-03
2.695064520881895298e+00 1.938819885253906250e-03
2.682861794069649530e+00 1.914978027343750000e-03
2.671441805595488717e+00 1.897096633911132812e-03
2.660747660624749322e+00 1.917123794555664062e-03
2.650727006714018064e+00 2.968072891235351562e-03
2.641331726636253485e+00 2.552747726440429688e-03
2.632517477387392724e+00 3.634929656982421875e-03
2.624243410591212466e+00 2.242088317871093750e-03
2.616471881667026711e+00 1.976966857910156250e-03
2.609168188555291756e+00 1.960277557373046875e-03
2.602300328133655416e+00 1.970052719116210938e-03
2.595838772216294998e+00 2.417802810668945312e-03
2.589756261360966150e+00 2.034902572631835938e-03
2.584027615589786997e+00 1.949787139892578125e-03
2.578629560861056103e+00 1.961946487426757812e-03
2.573540570198992850e+00 2.051115036010742188e-03
2.568740718393772937e+00 1.918077468872070312e-03
2.564211549226130149e+00 1.946210861206054688e-03
2.559935954216315146e+00 2.225875854492187500e-03
2.555898061950938160e+00 1.986980438232421875e-03
2.552083137098129395e+00 1.965761184692382812e-03
2.548477488280303405e+00 2.008914947509765625e-03
2.545068384032711961e+00 1.957893371582031250e-03
2.541843976133836058e+00 2.345085144042968750e-03
2.538793229649782379e+00 2.275705337524414062e-03
2.535905859088312120e+00 1.945018768310546875e-03
2.533172270108931645e+00 1.903772354125976562e-03
2.530583506283067052e+00 2.175092697143554688e-03
2.528131200442871318e+00 1.998186111450195312e-03
2.525807530198400208e+00 1.958847045898437500e-03
2.523605177241086572e+00 1.934051513671875000e-03
2.521517290086494612e+00 1.932144165039062500e-03
2.519537449941486429e+00 1.917839050292968750e-03
2.517659639410392280e+00 1.903057098388671875e-03
2.515878213781573169e+00 1.975059509277343750e-03
2.514187874660203104e+00 1.966953277587890625e-03
2.512583645735309013e+00 1.940965652465820312e-03
2.511060850489193808e+00 2.002000808715820312e-03
2.509615091675670318e+00 1.965999603271484375e-03
2.508242232410006878e+00 1.991748809814453125e-03
2.506938378728412964e+00 1.976013183593750000e-03
2.505699863488414003e+00 2.078056335449218750e-03
2.504523231493606783e+00 2.011060714721679688e-03
2.503405225737310502e+00 2.004861831665039062e-03
2.502342774669550796e+00 2.556800842285156250e-03
2.501332980400726491e+00 2.301931381225585938e-03
2.500373107763413039e+00 2.357959747314453125e-03
2.499460574161063153e+00 2.018690109252929688e-03
2.498592940138821827e+00 2.016067504882812500e-03
2.497767900617768877e+00 1.996994018554687500e-03
2.496983276739045188e+00 1.989841461181640625e-03
2.496237008269325486e+00 1.945018768310546875e-03
2.495527146523332629e+00 1.936912536621093750e-03
2.494851847763046582e+00 1.918792724609375000e-03
2.494209367036869018e+00 2.077817916870117188e-03
2.493598052425149092e+00 2.138853073120117188e-03
2.493016339661381586e+00 2.041101455688476562e-03
2.492462747101099829e+00 2.051115036010742188e-03
2.491935871012732839e+00 2.170801162719726562e-03
2.491434381166995671e+00 1.962184906005859375e-03
2.490957016703208016e+00 1.912832260131835938e-03
2.490502582252816843e+00 1.977205276489257812e-03
2.490069944301923854e+00 1.941919326782226562e-03
2.489658027776163074e+00 2.472877502441406250e-03
2.489265812832528457e+00 2.659082412719726562e-03
2.488892331844022809e+00 3.494977951049804688e-03
2.488536666564082456e+00 2.143144607543945312e-03
2.488197945458728189e+00 1.905202865600585938e-03
2.487875341195325607e+00 1.866340637207031250e-03
2.487568068277712374e+00 1.852035522460937500e-03
2.487275380818097403e+00 1.939773559570312500e-03
2.486996570437042031e+00 2.058982849121093750e-03
2.486730964283242695e+00 1.990079879760742188e-03
2.486477923165642867e+00 1.884937286376953125e-03
2.486236839790751052e+00 1.920938491821289062e-03
2.486007137098727782e+00 1.953125000000000000e-03
2.485788266692073201e+00 1.962900161743164062e-03
2.485579707351332601e+00 1.947164535522460938e-03
2.485380963632513041e+00 1.943826675415039062e-03
2.485191564541322062e+00 1.913070678710937500e-03
2.485011062279631311e+00 1.957893371582031250e-03
2.484839031059916881e+00 2.651929855346679688e-03
2.484675065983657838e+00 2.578258514404296875e-03
2.484518781979992763e+00 3.798007965087890625e-03
2.484369812801094923e+00 2.148151397705078125e-03
2.484227810071077513e+00 2.126932144165039062e-03
2.484092442385271049e+00 1.921892166137695312e-03
2.483963394457114671e+00 1.984834671020507812e-03
2.483840366309880920e+00 1.998186111450195312e-03
2.483723072510783059e+00 2.065896987915039062e-03
2.483611241445048634e+00 2.112150192260742188e-03
2.483504614627781493e+00 1.898050308227539062e-03
2.483402946051493476e+00 1.880168914794921875e-03
2.483306001567363364e+00 1.888036727905273438e-03
2.483213558298363655e+00 1.916170120239257812e-03
2.483125404082544563e+00 2.354860305786132812e-03
2.483041336944809885e+00 2.241849899291992188e-03
2.482961164595673953e+00 3.413915634155273438e-03
2.482884703955534178e+00 3.043889999389648438e-03
2.482811780703112703e+00 2.003908157348632812e-03
2.482742228846761101e+00 2.237081527709960938e-03
2.482675890317419309e+00 3.357887268066406250e-03
2.482612614582096811e+00 4.178047180175781250e-03
2.482552258276780055e+00 2.876043319702148438e-03
2.482494684857752709e+00 2.177953720092773438e-03
2.482439764270385041e+00 2.541065216064453125e-03
2.482387372634431877e+00 2.056121826171875000e-03
2.482337391945041105e+00 2.098083496093750000e-03
2.482289709788619625e+00 4.287958145141601562e-03
2.482244219072800462e+00 2.817153930664062500e-03
2.482200817769800505e+00 4.263877868652343750e-03
2.482159408672445444e+00 3.135919570922851562e-03
2.482119899162265053e+00 2.620935440063476562e-03
2.482082200988975806e+00 2.273797988891601562e-03
2.482046230060857006e+00 2.550125122070312500e-03
2.482011906245369381e+00 2.776145935058593750e-03
2.481979153179588504e+00 1.937150955200195312e-03
2.481947898089890803e+00 1.864910125732421875e-03
2.481918071620456079e+00 2.032756805419921875e-03
2.481889607670147768e+00 1.925945281982421875e-03
2.481862443237329074e+00 2.347946166992187500e-03
2.481836518272233505e+00 2.525091171264648438e-03
2.481811775536496789e+00 2.157688140869140625e-03
2.481788160469532212e+00 2.062082290649414062e-03
2.481765621061343019e+00 2.672910690307617188e-03
2.481744107731517879e+00 1.934051513671875000e-03
2.481723573214058121e+00 1.907110214233398438e-03
2.481703972447769857e+00 2.363204956054687500e-03
2.481685262471941211e+00 2.553939819335937500e-03
2.481667402327033312e+00 1.944065093994140625e-03
2.481650352960167449e+00 2.041816711425781250e-03
2.481634077135124627e+00 1.893758773803710938e-03
2.481618539346687857e+00 1.957178115844726562e-03
2.481603705739081178e+00 1.899003982543945312e-03
2.481589544028309557e+00 2.506017684936523438e-03
2.481576023428218036e+00 3.355026245117187500e-03
2.481563114580088936e+00 2.468109130859375000e-03
2.481550789485590602e+00 1.992940902709960938e-03
2.481539021442929815e+00 2.007007598876953125e-03
2.481527784986034657e+00 1.912832260131835938e-03
2.481517055826664819e+00 1.931190490722656250e-03
2.481506810799221086e+00 1.909971237182617188e-03
2.481497027808230449e+00 1.978874206542968750e-03
2.481487685778289709e+00 2.465009689331054688e-03
2.481478764606400933e+00 2.120971679687500000e-03
2.481470245116548679e+00 2.296924591064453125e-03
2.481462109016449702e+00 2.532243728637695312e-03
2.481454338856331265e+00 2.144098281860351562e-03
2.481446917989658552e+00 1.893997192382812500e-03
2.481439830535727697e+00 1.870870590209960938e-03
2.481433061344022306e+00 2.198219299316406250e-03
2.481426595960237069e+00 2.370119094848632812e-03
2.481420420593912102e+00 1.891851425170898438e-03
2.481414522087601604e+00 2.842187881469726562e-03
2.481408887887474712e+00 2.287864685058593750e-03
2.481403506015303684e+00 3.021955490112304688e-03
2.481398365041773246e+00 1.971960067749023438e-03
2.481393454061045833e+00 2.548933029174804688e-03
2.481388762666503212e+00 2.702236175537109375e-03
2.481384280927649844e+00 2.153158187866210938e-03
2.481379999368071410e+00 1.945018768310546875e-03
2.481375908944449815e+00 1.962900161743164062e-03
2.481372001026542318e+00 1.967668533325195312e-03
2.481368267378108783e+00 1.991987228393554688e-03
2.481364700138723123e+00 1.964092254638671875e-03
2.481361291806427172e+00 2.228021621704101562e-03
2.481358035221219893e+00 2.418041229248046875e-03
2.481354923549285107e+00 2.080917358398437500e-03
2.481351950267973727e+00 1.983880996704101562e-03
2.481349109151480103e+00 1.999139785766601562e-03
2.481346394257184951e+00 2.127885818481445312e-03
2.481343799912633319e+00 2.541065216064453125e-03
2.481341320703118303e+00 2.338171005249023438e-03
2.481338951459848285e+00 3.886222839355468750e-03
2.481336687248646644e+00 2.146959304809570312e-03
2.481334523359196353e+00 2.194166183471679688e-03
2.481332455294765538e+00 1.949310302734375000e-03
2.481330478762429959e+00 1.909017562866210938e-03
2.481328589663720496e+00 1.891136169433593750e-03
2.481326784085730708e+00 2.758979797363281250e-03
2.481325058292624508e+00 2.353906631469726562e-03
2.481323408717533763e+00 2.010107040405273438e-03
2.481321831954830692e+00 2.050638198852539062e-03
2.481320324752765316e+00 2.115011215209960938e-03
2.481318884006437742e+00 2.120018005371093750e-03
2.481317506751088864e+00 1.928091049194335938e-03
2.481316190155717916e+00 1.902103424072265625e-03
2.481314931516972244e+00 2.130985260009765625e-03
2.481313728253332407e+00 2.352952957153320312e-03
2.481312577899568605e+00 2.332925796508789062e-03
2.481311478101434265e+00 2.399921417236328125e-03
2.481310426610626063e+00 3.111124038696289062e-03
2.481309421279961569e+00 2.628087997436523438e-03
2.481308460058777143e+00 1.933097839355468750e-03
2.481307540988550109e+00 2.221822738647460938e-03
2.481306662198704327e+00 2.465963363647460938e-03
2.481305821902632047e+00 2.211809158325195312e-03
2.481305018393870743e+00 2.129077911376953125e-03
2.481304250042471793e+00 2.038240432739257812e-03
2.481303515291533923e+00 2.012252807617187500e-03
2.481302812653901846e+00 2.126216888427734375e-03
2.481302140708988802e+00 1.977920532226562500e-03
2.481301498099784730e+00 2.643108367919921875e-03
2.481300883529965695e+00 2.264022827148437500e-03
2.481300295761154739e+00 2.395868301391601562e-03
2.481299733610304425e+00 1.994132995605468750e-03
2.481299195947194836e+00 2.061128616333007812e-03
2.481298681692053698e+00 2.325057983398437500e-03
2.481298189813274213e+00 2.602100372314453125e-03
2.481297719325245676e+00 4.083156585693359375e-03
2.481297269286279139e+00 2.256155014038085938e-03
2.481296838796626325e+00 2.102136611938476562e-03
2.481296426996595361e+00 2.171277999877929688e-03
2.481296033064747331e+00 2.369165420532226562e-03
2.481295656216167878e+00 2.553224563598632812e-03
2.481295295700835624e+00 4.003047943115234375e-03
2.481294950802045651e+00 4.534006118774414062e-03
2.481294620834912923e+00 2.399921417236328125e-03
2.481294305144954748e+00 1.986026763916015625e-03
2.481294003106712331e+00 2.279043197631835938e-03
2.481293714122449590e+00 2.096891403198242188e-03
2.481293437620927467e+00 2.396106719970703125e-03
2.481293173056191570e+00 3.063201904296875000e-03
2.481292919906460170e+00 4.193067550659179688e-03
2.481292677673032632e+00 4.267930984497070312e-03
2.481292445879259123e+00 2.405166625976562500e-03
2.481292224069549857e+00 2.069950103759765625e-03
2.481292011808444276e+00 3.154993057250976562e-03
2.481291808679698008e+00 3.811836242675781250e-03
2.481291614285436875e+00 2.503871917724609375e-03
2.481291428245329111e+00 2.533912658691406250e-03
2.481291250195809539e+00 2.424955368041992188e-03
2.481291079789323284e+00 2.283811569213867188e-03
2.481290916693625448e+00 2.165079116821289062e-03
2.481290760591079003e+00 2.007007598876953125e-03
2.481290611178028627e+00 2.222061157226562500e-03
2.481290468164155882e+00 2.268314361572265625e-03
2.481290331271907679e+00 2.230882644653320312e-03
2.481290200235911403e+00 1.948356628417968750e-03
2.481290074802440238e+00 2.710103988647460938e-03
2.481289954728898906e+00 5.248069763183593750e-03
2.481289839783324069e+00 2.005100250244140625e-03
2.481289729743919370e+00 2.022981643676757812e-03
2.481289624398598903e+00 2.332925796508789062e-03
2.481289523544560893e+00 1.996994018554687500e-03
2.481289426987867586e+00 1.914739608764648438e-03
2.481289334543067771e+00 2.032995223999023438e-03
2.481289246032812645e+00 2.799987792968750000e-03
2.481289161287495659e+00 2.017974853515625000e-03
2.481289080144912784e+00 2.116918563842773438e-03
2.481289002449939218e+00 2.196073532104492188e-03
2.481288928054210530e+00 1.950263977050781250e-03
2.481288856815828225e+00 1.962900161743164062e-03
2.481288788599074202e+00 2.010107040405273438e-03
2.481288723274134966e+00 2.253770828247070312e-03
2.481288660716848060e+00 1.943111419677734375e-03
2.481288600808450262e+00 1.929044723510742188e-03
2.481288543435333338e+00 2.963066101074218750e-03
2.481288488488827326e+00 2.198696136474609375e-03
2.481288435864979380e+00 2.010107040405273438e-03
2.481288385464346380e+00 1.930952072143554688e-03
2.481288337191792870e+00 2.107858657836914062e-03
2.481288290956311648e+00 2.207040786743164062e-03
2.481288246670838138e+00 1.950979232788085938e-03
2.481288204252067420e+00 1.913785934448242188e-03
2.481288163620305909e+00 2.135038375854492188e-03
2.481288124699302600e+00 2.000808715820312500e-03
2.481288087416104737e+00 1.917123794555664062e-03
2.481288051700909048e+00 1.905202865600585938e-03
2.481288017486922737e+00 2.248764038085937500e-03
2.481287984710237815e+00 1.986742019653320312e-03
2.481287953309699645e+00 2.008914947509765625e-03
2.481287923226790593e+00 1.968860626220703125e-03
2.481287894405510119e+00 2.290964126586914062e-03
2.481287866792272645e+00 1.987218856811523438e-03
2.481287840335794304e+00 1.919031143188476562e-03
2.481287814986996132e+00 1.965045928955078125e-03
2.481287790698912588e+00 3.101825714111328125e-03
2.481287767426592072e+00 2.543687820434570312e-03
2.481287745127009003e+00 3.183126449584960938e-03
2.481287723758985653e+00 2.310037612915039062e-03
2.481287703283112656e+00 1.954793930053710938e-03
2.481287683661669963e+00 1.988172531127929688e-03
2.481287664858549569e+00 2.045869827270507812e-03
2.481287646839187122e+00 2.051830291748046875e-03
2.481287629570501085e+00 2.053976058959960938e-03
2.481287613020823457e+00 2.246856689453125000e-03
2.481287597159835823e+00 2.220630645751953125e-03
2.481287581958520505e+00 1.983880996704101562e-03
2.481287567389094395e+00 2.001047134399414062e-03
2.481287553424956993e+00 1.955032348632812500e-03
2.481287540040648665e+00 2.270936965942382812e-03
2.481287527211787580e+00 1.940011978149414062e-03
2.481287514915035519e+00 1.948833465576171875e-03
2.481287503128045469e+00 2.532958984375000000e-03
2.481287491829419434e+00 2.951860427856445312e-03
2.481287480998670691e+00 2.223253250122070312e-03
2.481287470616185153e+00 3.169059753417968750e-03
2.481287460663175182e+00 2.496719360351562500e-03
2.481287451121656051e+00 1.990079879760742188e-03
2.481287441974404651e+00 2.188920974731445312e-03
2.481287433204927062e+00 2.198934555053710938e-03
2.481287424797429253e+00 2.092123031616210938e-03
2.481287416736785545e+00 2.027034759521484375e-03
2.481287409008507971e+00 2.015829086303710938e-03
2.481287401598724962e+00 2.171754837036132812e-03
2.481287394494148923e+00 2.065896987915039062e-03
2.481287387682056256e+00 1.947164535522460938e-03
2.481287381150257154e+00 1.913785934448242188e-03
2.481287374887078290e+00 2.044200897216796875e-03
2.481287368881337496e+00 1.975059509277343750e-03
2.481287363122325562e+00 1.962184906005859375e-03
2.481287357599782695e+00 2.005100250244140625e-03
2.481287352303885196e+00 2.388000488281250000e-03
2.481287347225212603e+00 2.481937408447265625e-03
2.481287342354754788e+00 3.408670425415039062e-03
2.481287337683869776e+00 2.208948135375976562e-03
2.481287333204282408e+00 1.961946487426757812e-03
2.481287328908059919e+00 1.901865005493164062e-03
2.481287324787615933e+00 2.163887023925781250e-03
2.481287320835666055e+00 2.784967422485351562e-03
2.481287317045242968e+00 3.596782684326171875e-03
2.481287313409662687e+00 2.653121948242187500e-03
2.481287309922527662e+00 2.179145812988281250e-03
2.481287306577704577e+00 2.157926559448242188e-03
2.481287303369317687e+00 2.763986587524414062e-03
2.481287300291738607e+00 4.009962081909179688e-03
2.481287297339568543e+00 2.732992172241210938e-03
2.481287294507640073e+00 2.842903137207031250e-03
2.481287291790997163e+00 4.601716995239257812e-03
2.481287289184895162e+00 6.716251373291015625e-03
2.481287286684781268e+00 2.387285232543945312e-03
2.481287284286298522e+00 3.573894500732421875e-03
2.481287281985267601e+00 2.442121505737304688e-03
2.481287279777681043e+00 2.060651779174804688e-03
2.481287277659704138e+00 3.142118453979492188e-03
2.481287275627658051e+00 2.161264419555664062e-03
2.481287273678014493e+00 2.309799194335937500e-03
2.481287271807396611e+00 2.540111541748046875e-03
2.481287270012564772e+00 2.053022384643554688e-03
2.481287268290413905e+00 2.408742904663085938e-03
2.481287266637966837e+00 2.004146575927734375e-03
2.481287265052374735e+00 2.274751663208007812e-03
2.481287263530898457e+00 3.206968307495117188e-03
2.481287262070920097e+00 3.928899765014648438e-03
2.481287260669925665e+00 5.323886871337890625e-03
2.481287259325503314e+00 2.165079116821289062e-03
2.481287258035348664e+00 2.042770385742187500e-03
2.481287256797243046e+00 2.039194107055664062e-03
2.481287255609067710e+00 1.976728439331054688e-03
2.481287254468783843e+00 2.432107925415039062e-03
2.481287253374442336e+00 4.172086715698242188e-03
2.481287252324172687e+00 1.989841461181640625e-03
2.481287251316178999e+00 2.279758453369140625e-03
2.481287250348744866e+00 1.979827880859375000e-03
2.481287249420218721e+00 1.958131790161132812e-03
2.481287248529017830e+00 1.964807510375976562e-03
2.481287247673630070e+00 2.319097518920898438e-03
2.481287246852597050e+00 4.005908966064453125e-03
2.481287246064525664e+00 4.487037658691406250e-03
2.481287245308084088e+00 4.173755645751953125e-03
2.481287244581981799e+00 3.395080566406250000e-03
2.481287243884994442e+00 5.850076675415039062e-03
2.481287243215942073e+00 3.943920135498046875e-03
2.481287242573691376e+00 3.518104553222656250e-03
2.481287241957160106e+00 4.229068756103515625e-03
2.481287241365308649e+00 5.797863006591796875e-03
2.481287240797137805e+00 2.619028091430664062e-03
2.481287240251688342e+00 1.130080223083496094e-02
2.481287239728046767e+00 7.965087890625000000e-03
2.481287239225329344e+00 3.925085067749023438e-03
2.481287238742693191e+00 4.498958587646484375e-03
2.481287238279327401e+00 5.563974380493164062e-03
2.481287237834457038e+00 4.014968872070312500e-03
2.481287237407335144e+00 3.587961196899414062e-03
2.481287236997247181e+00 6.525993347167968750e-03
2.481287236603506585e+00 7.492065429687500000e-03
2.481287236225456549e+00 4.165887832641601562e-03
2.481287235862465579e+00 7.225990295410156250e-03
2.481287235513927047e+00 5.239725112915039062e-03
2.481287235179260975e+00 3.547906875610351562e-03
2.481287234857907364e+00 1.078510284423828125e-02
2.481287234549339082e+00 3.787040710449218750e-03
2.481287234253035656e+00 5.785942077636718750e-03
2.481287233968506367e+00 1.079511642456054688e-02
2.481287233695280481e+00 6.993770599365234375e-03
2.481287233432905026e+00 5.751132965087890625e-03
2.481287233180946128e+00 4.198074340820312500e-03
2.481287232938981457e+00 7.099866867065429688e-03
2.481287232706617552e+00 5.825996398925781250e-03
2.481287232483464944e+00 4.595041275024414062e-03
2.481287232269157705e+00 1.348495483398437500e-02
2.481287232063341452e+00 3.998041152954101562e-03
2.481287231865676901e+00 5.536079406738281250e-03
2.481287231675839422e+00 5.542993545532226562e-03
2.481287231493513712e+00 3.129005432128906250e-03
2.481287231318403119e+00 2.100944519042968750e-03
2.481287231150217654e+00 6.433010101318359375e-03
2.481287230988681536e+00 5.377054214477539062e-03
2.481287230833529200e+00 3.101110458374023438e-03
2.481287230684507961e+00 6.460189819335937500e-03
2.481287230541371791e+00 5.592107772827148438e-03
2.481287230403886657e+00 4.034042358398437500e-03
2.481287230271827848e+00 2.002954483032226562e-03
2.481287230144978651e+00 4.297018051147460938e-03
2.481287230023133450e+00 4.809141159057617188e-03
2.481287229906091074e+00 4.034757614135742188e-03
2.481287229793661897e+00 3.719806671142578125e-03
2.481287229685664730e+00 4.717111587524414062e-03
2.481287229581919718e+00 4.900932312011718750e-03
2.481287229482260326e+00 3.715038299560546875e-03
2.481287229386523574e+00 4.337310791015625000e-03
2.481287229294553143e+00 1.022219657897949219e-02
2.481287229206202039e+00 3.991127014160156250e-03
2.481287229121323712e+00 5.129098892211914062e-03
2.481287229039783160e+00 5.135774612426757812e-03
2.481287228961447155e+00 3.976106643676757812e-03
2.481287228886187801e+00 3.300189971923828125e-03
2.481287228813885637e+00 5.529165267944335938e-03
2.481287228744421647e+00 5.504846572875976562e-03
2.481287228677683920e+00 3.947973251342773438e-03
2.481287228613564100e+00 4.468917846679687500e-03
2.481287228551961377e+00 5.300998687744140625e-03
2.481287228492773167e+00 3.389120101928710938e-03
2.481287228435905323e+00 1.985073089599609375e-03
2.481287228381265919e+00 2.164840698242187500e-03
2.481287228328767913e+00 3.179073333740234375e-03
2.481287228278326040e+00 6.347894668579101562e-03
2.481287228229859476e+00 5.922079086303710938e-03
2.481287228183289173e+00 4.057884216308593750e-03
2.481287228138543188e+00 8.404016494750976562e-03
2.481287228095546915e+00 6.266117095947265625e-03
2.481287228054231964e+00 7.324934005737304688e-03
2.481287228014532609e+00 5.673885345458984375e-03
2.481287227976385790e+00 4.744768142700195312e-03
2.481287227939727558e+00 6.392240524291992188e-03
2.481287227904505066e+00 5.554914474487304688e-03
2.481287227870655698e+00 4.703998565673828125e-03
2.481287227838128828e+00 1.228213310241699219e-02
2.481287227806870277e+00 4.370927810668945312e-03
2.481287227776832527e+00 1.008391380310058594e-02
2.481287227747967172e+00 5.810022354125976562e-03
2.481287227720228028e+00 4.671812057495117188e-03
2.481287227693569797e+00 1.387691497802734375e-02
2.481287227667950290e+00 1.277804374694824219e-02
2.481287227643330873e+00 4.282236099243164062e-03
2.481287227619668911e+00 5.783081054687500000e-03
2.481287227596930212e+00 6.040811538696289062e-03
2.481287227575075693e+00 3.884077072143554688e-03
2.481287227554074271e+00 7.373094558715820312e-03
2.481287227533888640e+00 3.691911697387695312e-03
2.481287227514489491e+00 3.755092620849609375e-03
2.481287227495843517e+00 8.368968963623046875e-03
2.481287227477924517e+00 4.081010818481445312e-03
2.481287227460701406e+00 1.258111000061035156e-02
2.481287227444147536e+00 4.059076309204101562e-03
2.481287227428236708e+00 3.827810287475585938e-03
2.481287227412944940e+00 8.578062057495117188e-03
2.481287227398248696e+00 3.374099731445312500e-03
2.481287227384120886e+00 3.899812698364257812e-03
2.481287227370543302e+00 4.954814910888671875e-03
2.481287227357492853e+00 8.021116256713867188e-03
2.481287227344947333e+00 3.684043884277343750e-03
2.481287227332887646e+00 3.577947616577148438e-03
2.481287227321298694e+00 7.058143615722656250e-03
2.481287227310159604e+00 4.152059555053710938e-03
2.481287227299451281e+00 2.283096313476562500e-03
2.481287227289157737e+00 2.897977828979492188e-03
2.481287227279263874e+00 4.651069641113281250e-03
2.481287227269751927e+00 4.035949707031250000e-03
2.481287227260610795e+00 4.730224609375000000e-03
2.481287227251822269e+00 6.647825241088867188e-03
2.481287227243374804e+00 4.841804504394531250e-03
2.481287227235252857e+00 2.434015274047851562e-03
2.481287227227447545e+00 2.981901168823242188e-03
2.481287227219942881e+00 2.900838851928710938e-03
2.481287227212729096e+00 6.592035293579101562e-03
2.481287227205793755e+00 3.834009170532226562e-03
2.481287227199127532e+00 2.943992614746093750e-03
2.481287227192717548e+00 2.926111221313476562e-03
2.481287227186557143e+00 7.550001144409179688e-03
2.481287227180635213e+00 6.438970565795898438e-03
2.481287227174941545e+00 3.978252410888671875e-03
2.481287227169469034e+00 5.888223648071289062e-03
2.481287227164205689e+00 2.351284027099609375e-03
2.481287227159146624e+00 3.941059112548828125e-03
2.481287227154282959e+00 3.873109817504882812e-03
2.481287227149606700e+00 5.668163299560546875e-03
2.481287227145111185e+00 6.299018859863281250e-03
2.481287227140790641e+00 3.572940826416015625e-03
2.481287227136634854e+00 5.485057830810546875e-03
2.481287227132640272e+00 5.240678787231445312e-03
2.481287227128799344e+00 4.964828491210937500e-03
2.481287227125104966e+00 6.974935531616210938e-03
2.481287227121557137e+00 4.695177078247070312e-03
2.481287227118142535e+00 5.214929580688476562e-03
2.481287227114862937e+00 4.610776901245117188e-03
2.481287227111705462e+00 4.228115081787109375e-03
2.481287227108672333e+00 4.729986190795898438e-03
2.481287227105755111e+00 3.856182098388671875e-03
2.481287227102952020e+00 4.271745681762695312e-03
2.481287227100255510e+00 4.378795623779296875e-03
2.481287227097661585e+00 3.693819046020507812e-03
2.481287227095171577e+00 2.990961074829101562e-03
2.481287227092773051e+00 3.849029541015625000e-03
2.481287227090470004e+00 5.986213684082031250e-03
2.481287227088252223e+00 4.453897476196289062e-03
2.481287227086122371e+00 4.359960556030273438e-03
2.481287227084073344e+00 9.265184402465820312e-03
2.481287227082104696e+00 4.783153533935546875e-03
2.481287227080210656e+00 3.861904144287109375e-03
2.481287227078390334e+00 7.508039474487304688e-03
2.481287227076639734e+00 2.228975296020507812e-03
2.481287227074955748e+00 2.107858657836914062e-03
2.481287227073334822e+00 2.265214920043945312e-03
2.481287227071778290e+00 4.507064819335937500e-03
2.481287227070280821e+00 6.969690322875976562e-03
2.481287227068841972e+00 5.169868469238281250e-03
2.481287227067456858e+00 4.814863204956054688e-03
2.481287227066127254e+00 6.933212280273437500e-03
2.481287227064847389e+00 4.022121429443359375e-03
2.481287227063615930e+00 2.768039703369140625e-03
2.481287227062431544e+00 4.582881927490234375e-03
2.481287227061294676e+00 4.295110702514648438e-03
2.481287227060199108e+00 2.150774002075195312e-03
2.481287227059146616e+00 2.105712890625000000e-03
2.481287227058134537e+00 4.323005676269531250e-03
2.481287227057161537e+00 4.728794097900390625e-03
2.481287227056227618e+00 2.165079116821289062e-03
2.481287227055325673e+00 3.731966018676757812e-03
2.481287227054460587e+00 4.172086715698242188e-03
2.481287227053628808e+00 7.177829742431640625e-03
2.481287227052827671e+00 4.575967788696289062e-03
2.481287227052057176e+00 6.572008132934570312e-03
2.481287227051318212e+00 5.039930343627929688e-03
2.481287227050606781e+00 2.174854278564453125e-03
2.481287227049921995e+00 2.110958099365234375e-03
2.481287227049263855e+00 2.729177474975585938e-03
2.481287227048629251e+00 3.352880477905273438e-03
2.481287227048021293e+00 1.101589202880859375e-02
2.481287227047435984e+00 3.813028335571289062e-03
2.481287227046871990e+00 4.445075988769531250e-03
2.481287227046331534e+00 4.323005676269531250e-03
2.481287227045809285e+00 3.805160522460937500e-03
2.481287227045309685e+00 3.732919692993164062e-03
2.481287227044826960e+00 6.019115447998046875e-03
2.481287227044363775e+00 3.005981445312500000e-03
2.481287227043919241e+00 2.268075942993164062e-03
2.481287227043490695e+00 3.566026687622070312e-03
2.481287227043078136e+00 3.365039825439453125e-03
2.481287227042680676e+00 8.692026138305664062e-03
2.481287227042300536e+00 4.155874252319335938e-03
2.481287227041933274e+00 3.802776336669921875e-03
2.481287227041581556e+00 5.057096481323242188e-03
2.481287227041242271e+00 3.780126571655273438e-03
2.481287227040917198e+00 3.667354583740234375e-03
2.481287227040603671e+00 3.756046295166015625e-03
2.481287227040300358e+00 5.120992660522460938e-03
2.481287227040010812e+00 4.811048507690429688e-03
2.481287227039730592e+00 4.562854766845703125e-03
2.481287227039463250e+00 3.993749618530273438e-03
2.481287227039204790e+00 6.644010543823242188e-03
2.481287227038956544e+00 4.379987716674804688e-03
2.481287227038716736e+00 3.397941589355468750e-03
2.481287227038487586e+00 2.100944519042968750e-03
2.481287227038268206e+00 5.015134811401367188e-03
2.481287227038053711e+00 3.546237945556640625e-03
2.481287227037851206e+00 2.118825912475585938e-03
2.481287227037654031e+00 3.245115280151367188e-03
2.481287227037463960e+00 4.584789276123046875e-03
2.481287227037282328e+00 6.510972976684570312e-03
2.481287227037109133e+00 4.498958587646484375e-03
2.481287227036939935e+00 3.951787948608398438e-03
2.481287227036778287e+00 4.045009613037109375e-03
2.481287227036622411e+00 4.034996032714843750e-03
2.481287227036473197e+00 3.676891326904296875e-03
2.481287227036328868e+00 2.977132797241210938e-03
2.481287227036192089e+00 4.777908325195312500e-03
2.481287227036057974e+00 3.709077835083007812e-03
2.481287227035929632e+00 3.573894500732421875e-03
2.481287227035805731e+00 3.573894500732421875e-03
2.481287227035688492e+00 8.277893066406250000e-03
2.481287227035573917e+00 5.228757858276367188e-03
2.481287227035463783e+00 3.005743026733398438e-03
2.481287227035358534e+00 5.742073059082031250e-03
2.481287227035257281e+00 3.926992416381835938e-03
2.481287227035159138e+00 3.832817077636718750e-03
2.481287227035064991e+00 3.012180328369140625e-03
2.481287227034975729e+00 4.040241241455078125e-03
2.481287227034888687e+00 2.919197082519531250e-03
2.481287227034805198e+00 3.123044967651367188e-03
2.481287227034725262e+00 3.980159759521484375e-03
2.481287227034647547e+00 4.052877426147460938e-03
2.481287227034573828e+00 1.015138626098632812e-02
2.481287227034500553e+00 4.693984985351562500e-03
2.481287227034433940e+00 4.410028457641601562e-03
2.481287227034365994e+00 3.531932830810546875e-03
2.481287227034302045e+00 2.818107604980468750e-03
2.481287227034241649e+00 2.381086349487304688e-03
2.481287227034182585e+00 3.937005996704101562e-03
2.481287227034127518e+00 4.514932632446289062e-03
2.481287227034072895e+00 4.539012908935546875e-03
2.481287227034018716e+00 3.901004791259765625e-03
2.481287227033970311e+00 4.051923751831054688e-03
2.481287227033921461e+00 1.042604446411132812e-02
2.481287227033873943e+00 3.911018371582031250e-03
2.481287227033828646e+00 3.762006759643554688e-03
2.481287227033785125e+00 5.228042602539062500e-03
2.481287227033743825e+00 2.843856811523437500e-03
2.481287227033704745e+00 3.224134445190429688e-03
2.481287227033666110e+00 2.908945083618164062e-03
2.481287227033628362e+00 3.839015960693359375e-03
2.481287227033594611e+00 5.637884140014648438e-03
2.481287227033560416e+00 3.047943115234375000e-03
2.481287227033524889e+00 3.470182418823242188e-03
2.481287227033494691e+00 3.997087478637695312e-03
2.481287227033464937e+00 6.516933441162109375e-03
2.481287227033435183e+00 3.845214843750000000e-03
2.481287227033407650e+00 2.464056015014648438e-03
2.481287227033378784e+00 3.869771957397460938e-03
2.481287227033353915e+00 4.443168640136718750e-03
2.481287227033328602e+00 2.463817596435546875e-03
2.481287227033304177e+00 3.881931304931640625e-03
2.481287227033281528e+00 3.866910934448242188e-03
2.481287227033259324e+00 4.972934722900390625e-03
2.481287227033236675e+00 3.635168075561523438e-03
2.481287227033215803e+00 4.442214965820312500e-03
2.481287227033195819e+00 3.785133361816406250e-03
2.481287227033178056e+00 5.485057830810546875e-03
2.481287227033158960e+00 3.012180328369140625e-03
2.481287227033140308e+00 2.131938934326171875e-03
2.481287227033125653e+00 3.394126892089843750e-03
2.481287227033108778e+00 4.145145416259765625e-03
2.481287227033092346e+00 6.178140640258789062e-03
2.481287227033077691e+00 4.019975662231445312e-03
2.481287227033062148e+00 3.401041030883789062e-03
2.481287227033048826e+00 3.692865371704101562e-03
2.481287227033035947e+00 8.352041244506835938e-03
2.481287227033022180e+00 3.814935684204101562e-03
2.481287227033011078e+00 2.743005752563476562e-03
2.481287227032997755e+00 4.388093948364257812e-03
2.481287227032985321e+00 4.292726516723632812e-03
2.481287227032975551e+00 3.810167312622070312e-03
2.481287227032964005e+00 2.361297607421875000e-03
2.481287227032954235e+00 2.128839492797851562e-03
2.481287227032944021e+00 4.174947738647460938e-03
2.481287227032934251e+00 4.708290100097656250e-03
2.481287227032924037e+00 2.440929412841796875e-03
2.481287227032917375e+00 2.092838287353515625e-03
2.481287227032908049e+00 3.533124923706054688e-03
2.481287227032900944e+00 5.950927734375000000e-03
2.481287227032892506e+00 6.899833679199218750e-03
2.481287227032884957e+00 6.579875946044921875e-03
2.481287227032878295e+00 6.047964096069335938e-03
2.481287227032871190e+00 4.631996154785156250e-03
2.481287227032864084e+00 3.102064132690429688e-03
2.481287227032856979e+00 3.368139266967773438e-03
2.481287227032851206e+00 4.937171936035156250e-03
2.481287227032845877e+00 6.327152252197265625e-03
2.481287227032839215e+00 8.674144744873046875e-03
2.481287227032834330e+00 5.151987075805664062e-03
2.481287227032829446e+00 6.379842758178710938e-03
2.481287227032824116e+00 3.394126892089843750e-03
2.481287227032818787e+00 3.662824630737304688e-03
2.481287227032814791e+00 5.275011062622070312e-03
2.481287227032808573e+00 2.605676651000976562e-03
2.481287227032805021e+00 4.080057144165039062e-03
2.481287227032801024e+00 4.039049148559570312e-03
2.481287227032797471e+00 4.225015640258789062e-03
2.481287227032793030e+00 4.697084426879882812e-03
2.481287227032789033e+00 9.351015090942382812e-03
2.481287227032785037e+00 1.115798950195312500e-02
2.481287227032782816e+00 3.381967544555664062e-03
2.481287227032779263e+00 3.601074218750000000e-03
2.481287227032775711e+00 4.575014114379882812e-03
2.481287227032772158e+00 6.594896316528320312e-03
2.481287227032767717e+00 3.806114196777343750e-03
2.481287227032767273e+00 3.690004348754882812e-03
2.481287227032761056e+00 3.248929977416992188e-03
2.481287227032762388e+00 4.673004150390625000e-03
2.481287227032759279e+00 7.690906524658203125e-03
2.481287227032753506e+00 7.124185562133789062e-03
2.481287227032754394e+00 2.305746078491210938e-03
2.481287227032751286e+00 2.420902252197265625e-03
2.481287227032749509e+00 2.758979797363281250e-03
2.481287227032746401e+00 3.148078918457031250e-03
2.481287227032744180e+00 2.254009246826171875e-03
2.481287227032743292e+00 2.233266830444335938e-03
2.481287227032741072e+00 2.182006835937500000e-03
2.481287227032739295e+00 2.089023590087890625e-03
2.481287227032738407e+00 2.763986587524414062e-03
2.481287227032736187e+00 4.065036773681640625e-03
2.481287227032733966e+00 3.121852874755859375e-03
2.481287227032734410e+00 2.131938934326171875e-03
2.481287227032731746e+00 2.882242202758789062e-03
2.481287227032730414e+00 3.339052200317382812e-03
2.481287227032727749e+00 5.468368530273437500e-03
2.481287227032727305e+00 3.547906875610351562e-03
2.481287227032725085e+00 2.363920211791992188e-03
2.481287227032724640e+00 2.099275588989257812e-03
2.481287227032723752e+00 2.274036407470703125e-03
2.481287227032722864e+00 2.383708953857421875e-03
2.481287227032721088e+00 3.121137619018554688e-03
2.481287227032721532e+00 2.370119094848632812e-03
2.481287227032719311e+00 2.265930175781250000e-03
2.481287227032717091e+00 2.149105072021484375e-03
2.481287227032717979e+00 2.378940582275390625e-03
2.481287227032716647e+00 2.628087997436523438e-03
2.481287227032715315e+00 2.706050872802734375e-03
2.481287227032713538e+00 2.932071685791015625e-03
2.481287227032714426e+00 2.744913101196289062e-03
2.481287227032713094e+00 1.047229766845703125e-02
2.481287227032712206e+00 3.707170486450195312e-03
2.481287227032710874e+00 2.955913543701171875e-03
2.481287227032711762e+00 2.424716949462890625e-03
2.481287227032710430e+00 2.216815948486328125e-03
2.481287227032710430e+00 2.494812011718750000e-03
2.481287227032708209e+00 2.595186233520507812e-03
2.481287227032709541e+00 2.943038940429687500e-03
2.481287227032707765e+00 2.114057540893554688e-03
2.481287227032708209e+00 2.668857574462890625e-03
2.481287227032705989e+00 2.142906188964843750e-03
2.481287227032708209e+00 2.180099487304687500e-03
2.481287227032705989e+00 2.454996109008789062e-03
2.481287227032704656e+00 2.560853958129882812e-03
2.481287227032705545e+00 3.641843795776367188e-03
2.481287227032703768e+00 3.759145736694335938e-03
2.481287227032704212e+00 8.438110351562500000e-03
2.481287227032704212e+00 3.655910491943359375e-03
2.481287227032703768e+00 2.764701843261718750e-03
2.481287227032702880e+00 2.191066741943359375e-03
2.481287227032702880e+00 2.204895019531250000e-03
2.481287227032701992e+00 2.134084701538085938e-03
2.481287227032701992e+00 2.320051193237304688e-03
2.481287227032703324e+00 3.345012664794921875e-03
2.481287227032701548e+00 3.024339675903320312e-03
2.481287227032700216e+00 2.188920974731445312e-03
2.481287227032698883e+00 2.358198165893554688e-03
2.481287227032701548e+00 2.420902252197265625e-03
2.481287227032700216e+00 2.328157424926757812e-03
2.481287227032701548e+00 4.376173019409179688e-03
2.481287227032699771e+00 6.108999252319335938e-03
2.481287227032699771e+00 2.507925033569335938e-03
2.481287227032699771e+00 4.003047943115234375e-03
2.481287227032699771e+00 2.151966094970703125e-03
2.481287227032699771e+00 2.086877822875976562e-03
2.481287227032697995e+00 2.113103866577148438e-03
2.481287227032697107e+00 2.189159393310546875e-03
2.481287227032697995e+00 2.115249633789062500e-03
2.481287227032698883e+00 2.069950103759765625e-03
2.481287227032697107e+00 2.183914184570312500e-03
2.481287227032697551e+00 2.432107925415039062e-03
2.481287227032697107e+00 2.731084823608398438e-03
2.481287227032697995e+00 2.692222595214843750e-03
2.481287227032697995e+00 2.396106719970703125e-03
2.481287227032697107e+00 2.325057983398437500e-03
2.481287227032696663e+00 2.113103866577148438e-03
2.481287227032697107e+00 2.087354660034179688e-03
2.481287227032697551e+00 4.267930984497070312e-03
2.481287227032696663e+00 5.599975585937500000e-03
2.481287227032695775e+00 3.714084625244140625e-03
2.481287227032696219e+00 2.467632293701171875e-03
2.481287227032695775e+00 2.665042877197265625e-03
2.481287227032696219e+00 3.582954406738281250e-03
2.481287227032694886e+00 2.839088439941406250e-03
2.481287227032695331e+00 2.283096313476562500e-03
2.481287227032696663e+00 2.224683761596679688e-03
2.481287227032696663e+00 2.160072326660156250e-03
2.481287227032695775e+00 2.204179763793945312e-03
2.481287227032696219e+00 2.804040908813476562e-03
2.481287227032695331e+00 3.427982330322265625e-03
2.481287227032697107e+00 2.718925476074218750e-03
2.481287227032694442e+00 2.550125122070312500e-03
2.481287227032695775e+00 5.342006683349609375e-03
2.481287227032694442e+00 1.185798645019531250e-02
2.481287227032695331e+00 2.688884735107421875e-03
2.481287227032695331e+00 1.112389564514160156e-02
2.481287227032695775e+00 2.600193023681640625e-03
2.481287227032695775e+00 2.763986587524414062e-03
2.481287227032695775e+00 4.206180572509765625e-03
2.481287227032694442e+00 4.549026489257812500e-03
2.481287227032695331e+00 7.533073425292968750e-03
2.481287227032694886e+00 3.187894821166992188e-03
2.481287227032694886e+00 5.825996398925781250e-03
2.481287227032695331e+00 6.580829620361328125e-03
2.481287227032694442e+00 3.029108047485351562e-03
2.481287227032693998e+00 2.562761306762695312e-03
2.481287227032694442e+00 4.585981369018554688e-03
2.481287227032695775e+00 2.336978912353515625e-03
2.481287227032694442e+00 2.359151840209960938e-03
2.481287227032693554e+00 2.245903015136718750e-03
2.481287227032693998e+00 2.146959304809570312e-03
2.481287227032693998e+00 3.298044204711914062e-03
2.481287227032693998e+00 3.615856170654296875e-03
2.481287227032694886e+00 3.964900970458984375e-03
2.481287227032693554e+00 5.920886993408203125e-03
2.481287227032693998e+00 2.614021301269531250e-03
2.481287227032693110e+00 2.739906311035156250e-03
2.481287227032694442e+00 3.583192825317382812e-03
2.481287227032694442e+00 2.256870269775390625e-03
2.481287227032694442e+00 2.331972122192382812e-03
2.481287227032694886e+00 2.105236053466796875e-03
2.481287227032694442e+00 2.249002456665039062e-03
2.481287227032695775e+00 3.021955490112304688e-03
2.481287227032694442e+00 2.773046493530273438e-03
2.481287227032693554e+00 2.130031585693359375e-03
2.481287227032694442e+00 2.398014068603515625e-03
2.481287227032693998e+00 2.081871032714843750e-03
2.481287227032694442e+00 2.076148986816406250e-03
2.481287227032694442e+00 2.435684204101562500e-03
2.481287227032694886e+00 4.443883895874023438e-03
2.481287227032693998e+00 4.253864288330078125e-03
2.481287227032694442e+00 5.348682403564453125e-03
2.481287227032695331e+00 2.405166625976562500e-03
2.481287227032695331e+00 2.653360366821289062e-03
2.481287227032693110e+00 3.200054168701171875e-03
2.481287227032693998e+00 2.216100692749023438e-03
2.481287227032693998e+00 2.570152282714843750e-03
2.481287227032693110e+00 2.097129821777343750e-03
2.481287227032693998e+00 2.107858657836914062e-03
2.481287227032694442e+00 2.367973327636718750e-03
2.481287227032693998e+00 2.626657485961914062e-03
2.481287227032694886e+00 3.109931945800781250e-03
2.481287227032693110e+00 3.409147262573242188e-03
2.481287227032693554e+00 2.141952514648437500e-03
2.481287227032693998e+00 2.067804336547851562e-03
2.481287227032693554e+00 3.274917602539062500e-03
2.481287227032693554e+00 5.251884460449218750e-03
2.481287227032692666e+00 4.868984222412109375e-03
2.481287227032692666e+00 2.490997314453125000e-03
2.481287227032694442e+00 2.195119857788085938e-03
2.481287227032694442e+00 2.381086349487304688e-03
2.481287227032694442e+00 2.861976623535156250e-03
2.481287227032694442e+00 2.936124801635742188e-03
2.481287227032694886e+00 2.299785614013671875e-03
2.481287227032695331e+00 2.343893051147460938e-03
2.481287227032694886e+00 2.137899398803710938e-03
2.481287227032694442e+00 2.223253250122070312e-03
2.481287227032693554e+00 2.573966979980468750e-03
2.481287227032694442e+00 3.094911575317382812e-03
2.481287227032695331e+00 2.269983291625976562e-03
2.481287227032693998e+00 2.401113510131835938e-03
2.481287227032694442e+00 2.537965774536132812e-03
2.481287227032693998e+00 2.501249313354492188e-03
2.481287227032693554e+00 4.173040390014648438e-03
2.481287227032693110e+00 5.182027816772460938e-03
2.481287227032693554e+00 2.643346786499023438e-03
2.481287227032694442e+00 2.504110336303710938e-03
2.481287227032693554e+00 2.416133880615234375e-03
2.481287227032693554e+00 2.478122711181640625e-03
2.481287227032693110e+00 2.556324005126953125e-03
2.481287227032694442e+00 2.622842788696289062e-03
2.481287227032694442e+00 2.534866333007812500e-03
2.481287227032693554e+00 2.737045288085937500e-03
2.481287227032693998e+00 2.230882644653320312e-03
2.481287227032694442e+00 2.270936965942382812e-03
2.481287227032692666e+00 2.564191818237304688e-03
2.481287227032692666e+00 4.189252853393554688e-03
2.481287227032693110e+00 3.269910812377929688e-03
2.481287227032693998e+00 3.765106201171875000e-03
2.481287227032692666e+00 2.964258193969726562e-03
2.481287227032693554e+00 2.537965774536132812e-03
2.481287227032694886e+00 3.399848937988281250e-03
2.481287227032693110e+00 3.268718719482421875e-03
2.481287227032694442e+00 2.255916595458984375e-03
2.481287227032693110e+00 2.430915832519531250e-03
2.481287227032693554e+00 2.228021621704101562e-03
2.481287227032693110e+00 2.461910247802734375e-03
2.481287227032693110e+00 2.759933471679687500e-03
2.481287227032693554e+00 2.856016159057617188e-03
2.481287227032693554e+00 2.356052398681640625e-03
2.481287227032693110e+00 2.269029617309570312e-03
2.481287227032693554e+00 2.160787582397460938e-03
2.481287227032694886e+00 2.310752868652343750e-03
2.481287227032692666e+00 7.138013839721679688e-03
2.481287227032692222e+00 3.870964050292968750e-03
2.481287227032693554e+00 3.043889999389648438e-03
2.481287227032693554e+00 2.249002456665039062e-03
2.481287227032693554e+00 2.461910247802734375e-03
2.481287227032693554e+00 3.073215484619140625e-03
2.481287227032693110e+00 2.994775772094726562e-03
2.481287227032694442e+00 2.334833145141601562e-03
2.481287227032693110e+00 2.200126647949218750e-03
2.481287227032692666e+00 2.394914627075195312e-03
2.481287227032693110e+00 2.641916275024414062e-03
2.481287227032693998e+00 2.900838851928710938e-03
2.481287227032693554e+00 2.724885940551757812e-03
2.481287227032694886e+00 2.712726593017578125e-03
2.481287227032693110e+00 2.238988876342773438e-03
2.481287227032693998e+00 2.876281738281250000e-03
2.481287227032693554e+00 2.652168273925781250e-03
2.481287227032693110e+00 5.205869674682617188e-03
2.481287227032693110e+00 4.699707031250000000e-03
2.481287227032693554e+00 2.299785614013671875e-03
2.481287227032692666e+00 2.315998077392578125e-03
2.481287227032693110e+00 2.897977828979492188e-03
2.481287227032693110e+00 4.206895828247070312e-03
2.481287227032693998e+00 3.102779388427734375e-03
2.481287227032693554e+00 2.303838729858398438e-03
2.481287227032694442e+00 2.435207366943359375e-03
2.481287227032693554e+00 2.225875854492187500e-03
2.481287227032693110e+00 2.907752990722656250e-03
2.481287227032693554e+00 2.593994140625000000e-03
2.481287227032693554e+00 3.755092620849609375e-03
2.481287227032693110e+00 3.053188323974609375e-03
2.481287227032693998e+00 2.445936203002929688e-03
2.481287227032693554e+00 2.086877822875976562e-03
2.481287227032693998e+00 2.560138702392578125e-03
2.481287227032693998e+00 3.217935562133789062e-03
2.481287227032693554e+00 3.259181976318359375e-03
2.481287227032693110e+00 2.280235290527343750e-03
2.481287227032693554e+00 2.355337142944335938e-03
2.481287227032693998e+00 2.125024795532226562e-03
2.481287227032692222e+00 2.219200134277343750e-03
2.481287227032693998e+00 2.672672271728515625e-03
2.481287227032694442e+00 3.156900405883789062e-03
2.481287227032693998e+00 2.142906188964843750e-03
2.481287227032694442e+00 2.455234527587890625e-03
2.481287227032693554e+00 2.264022827148437500e-03
2.481287227032693110e+00 2.138853073120117188e-03
2.481287227032692666e+00 2.871990203857421875e-03
2.481287227032692666e+00 3.304004669189453125e-03
2.481287227032692666e+00 6.686925888061523438e-03
2.481287227032693110e+00 2.982139587402343750e-03
2.481287227032694442e+00 2.752065658569335938e-03
2.481287227032693110e+00 2.242088317871093750e-03
2.481287227032694886e+00 2.204895019531250000e-03
2.481287227032694442e+00 2.147197723388671875e-03
2.481287227032693554e+00 2.223253250122070312e-03
2.481287227032693110e+00 2.210140228271484375e-03
2.481287227032693998e+00 2.265930175781250000e-03
2.481287227032694886e+00 2.248048782348632812e-03
2.481287227032694886e+00 2.595901489257812500e-03
2.481287227032693998e+00 3.113985061645507812e-03
2.481287227032693110e+00 2.419948577880859375e-03
2.481287227032692666e+00 2.336025238037109375e-03
2.481287227032694442e+00 2.178192138671875000e-03
2.481287227032693998e+00 2.383947372436523438e-03
2.481287227032694442e+00 2.788782119750976562e-03
2.481287227032693998e+00 3.961086273193359375e-03
2.481287227032693998e+00 4.815816879272460938e-03
2.481287227032693554e+00 2.830028533935546875e-03
2.481287227032693998e+00 2.157926559448242188e-03
2.481287227032694442e+00 2.271890640258789062e-03
2.481287227032692666e+00 3.149747848510742188e-03
2.481287227032693554e+00 2.655982971191406250e-03
2.481287227032694442e+00 2.294778823852539062e-03
2.481287227032694886e+00 2.750873565673828125e-03
2.481287227032693998e+00 2.758979797363281250e-03
2.481287227032693998e+00 2.974748611450195312e-03
2.481287227032693110e+00 3.956079483032226562e-03
2.481287227032693998e+00 3.398180007934570312e-03
2.481287227032693554e+00 2.434015274047851562e-03
2.481287227032693110e+00 2.172708511352539062e-03
2.481287227032693554e+00 3.385066986083984375e-03
2.481287227032692222e+00 3.381967544555664062e-03
2.481287227032693998e+00 5.861759185791015625e-03
2.481287227032694442e+00 2.336025238037109375e-03
2.481287227032694442e+00 2.349138259887695312e-03
2.481287227032692666e+00 2.224206924438476562e-03
2.481287227032693554e+00 2.233743667602539062e-03
2.481287227032693998e+00 3.244876861572265625e-03
2.481287227032693110e+00 3.947019577026367188e-03
2.481287227032693998e+00 3.212928771972656250e-03
2.481287227032693998e+00 3.486871719360351562e-03
2.481287227032694442e+00 3.195047378540039062e-03
2.481287227032693554e+00 2.888202667236328125e-03
2.481287227032693998e+00 2.785921096801757812e-03
2.481287227032693554e+00 4.932880401611328125e-03
2.481287227032692666e+00 3.502845764160156250e-03
2.481287227032693110e+00 2.918243408203125000e-03
2.481287227032693554e+00 5.429983139038085938e-03
2.481287227032693110e+00 2.669095993041992188e-03
2.481287227032693998e+00 2.438068389892578125e-03
2.481287227032694886e+00 2.152919769287109375e-03
2.481287227032694442e+00 2.254009246826171875e-03
2.481287227032693554e+00 4.534959793090820312e-03
2.481287227032693554e+00 4.123926162719726562e-03
2.481287227032695331e+00 2.769947052001953125e-03
2.481287227032694442e+00 2.212047576904296875e-03
2.481287227032693998e+00 2.274990081787109375e-03
2.481287227032692666e+00 4.046201705932617188e-03
2.481287227032694442e+00 4.944086074829101562e-03
2.481287227032693998e+00 3.252983093261718750e-03
2.481287227032693998e+00 3.201723098754882812e-03
2.481287227032693998e+00 2.276897430419921875e-03
2.481287227032694886e+00 3.180742263793945312e-03
